0
1
128
2
129
256
3
257
384
131
385
512
132
259
386
640
260
387
514
768
388
515
642
896
513
389
643
897
770
1024
517
390
771
898
1152
645
391
899
1025
1280
773
1026
1027
900
519
901
1154
1155
1028
647
1029
1282
1156
1283
648
775
1157
1410
1284
1411
776
903
1285
1538
1412
1030
262
1539
1413
1666
1540
1031
1667
1541
1794
1668
1159
1795
1669
1922
1796
1287
1923
134
2050
1924
1415
2051
263
2178
2052
1543
2179
135
2306
2180
1671
2307
264
2434
2308
1672
1799
2435
2562
2309
2436
1673
1800
1927
2563
2690
2437
2564
1801
1928
2055
2691
2818
2565
2692
1929
2056
2183
2819
2946
2820
2057
2184
2311
2947
3074
2948
2185
2312
2439
3075
3076
2313
2440
2567
3203
3204
2441
2568
2695
3331
3332
136
2696
2823
3459
3460
1793
2824
1921
3587
3588
6
2952
2049
3715
3716
1792
1920
5
3843
3844
2177
3717
2048
3971
3972
1664
3718
3845
4099
4100
3714
3846
3719
4227
2176
1536
3974
7
4355
3713
2305
4102
3975
4483
4230
3976
4484
4611
4231
265
2433
2304
4612
4226
4359
4482
3585
393
4358
3977
4104
3841
521
1545
1409
3978
4225
522
1546
4481
1926
3457
4485
4487
1547
4353
4610
2432
4615
266
2561
3969
1417
4743
3848
4229
1798
650
4871
1537
1665
2817
4742
4999
4872
2054
1675
778
5127
4873
5000
1803
906
5255
2182
4874
1931
1034
5383
2945
5002
2059
1162
5511
138
5130
2187
1290
5639
2816
5258
2315
1291
2694
4741
3330
2443
1292
2316
2944
5259
2571
1420
2317
139
5387
2699
1421
2445
4869
5515
2827
1549
2573
3072
3586
2955
1677
2701
140
2574
3083
1805
2829
4997
2575
3211
1933
2957
3200
2703
3339
2061
3085
268
2831
3467
2062
3213
5125
2959
3595
3328
3341
2688
3087
3596
3723
3342
3469
3088
3215
3597
3712
3470
3724
3851
3089
3216
3598
3725
3471
3852
3090
3217
3344
3726
3853
3472
3980
3218
3345
3091
3854
3981
3346
3219
3092
3722
4108
3474
3220
3093
2961
4109
3602
3348
3094
2833
4237
3730
3476
3222
2834
4365
3840
3604
3350
2835
4493
4366
3732
4224
2836
4621
4367
3860
4096
2837
4749
4495
3988
1419
2838
4877
4623
4116
3989
2839
5005
4751
4244
3990
2967
5133
4879
4372
4118
2968
905
5007
4500
4246
3096
2969
5135
4628
4374
3224
2970
5263
4756
4502
3352
3098
5391
4884
4630
3480
3226
5519
5012
4758
3608
3354
5647
5140
4886
3736
3482
5775
5268
5014
3864
3610
5903
5396
5142
3992
3738
2189
137
5270
4120
3866
3739
9
5398
4248
3994
3740
3867
5526
4376
4122
3868
3741
5654
4504
4250
3996
3742
5782
4632
4378
4124
3870
5910
4760
4506
4252
3998
6038
4888
4634
4380
4126
6166
5016
4762
4508
4254
6294
5144
4890
4636
4382
6422
5272
5018
4764
4510
6550
5400
5146
4892
4638
6678
5528
5274
5020
4766
6806
5656
5402
5148
4894
6934
5784
5530
5276
5022
7062
5912
5658
5404
5150
7190
6040
5786
5532
5278
4352
6168
5914
5660
5406
5279
6296
6042
5788
5534
5280
6424
6170
5916
5662
5408
6552
6298
6044
5790
5536
6680
6426
6172
5918
5664
6808
6554
6300
6046
5792
6936
6682
6428
6174
5920
7064
3584
6556
6302
6048
7192
7065
6684
6430
6176
7320
7066
2705
6558
6304
7448
7194
3456
4236
7191
7318
6041
7195
4235
7449
7446
7317
7323
4363
2706
7445
7316
7451
4491
2577
7573
6686
6432
4619
7576
7322
6814
6560
4747
7704
7575
6942
6688
6561
7832
7705
2708
6816
6562
7960
7706
2578
6944
6690
8088
7834
7188
7579
6818
8216
7962
2449
7580
6946
8344
8090
2707
7708
7074
8472
8218
8091
7836
7202
8600
8346
8092
7964
7330
8728
8474
8220
7965
7458
8856
8602
8348
7966
7586
8984
8730
8476
8094
7714
9112
8858
8604
8222
7842
9240
8986
8732
8350
7970
9368
9114
8860
2841
8098
9496
9242
8988
2580
3721
5533
9370
2842
7060
8226
9624
9498
2843
2321
8354
9752
9626
3593
2713
8482
9880
9754
2581
2844
8610
10008
9882
2452
2972
3479
10136
10010
6932
3100
2973
10264
10138
2322
3228
2974
10392
10266
3465
3356
3102
10520
10394
2585
3484
3230
10648
10522
2582
3485
3358
10776
10650
2324
3486
3359
10904
10778
6804
3487
3360
11032
10906
2323
3615
3361
11160
11034
3337
3616
3489
11288
11162
2586
3744
3490
11416
11290
2583
3872
3618
11544
11418
2325
4000
3746
11672
11546
6676
4128
3874
11800
11674
2195
4256
4002
11928
11802
3209
4384
4130
12056
11930
2587
4512
4258
3613
12058
2455
4640
4386
4259
12186
2326
4768
4514
4260
12314
6548
4896
4642
4388
12442
2067
5024
4770
4516
12570
3081
5025
4898
4644
12698
12571
5153
4899
4772
12826
12572
5154
5027
4773
12954
12700
5282
5028
4901
13082
12828
5410
5156
4902
13210
12956
5538
5284
5030
13338
13084
5666
5412
5158
13466
13212
5794
5540
5286
13594
13340
5922
5668
5414
13722
13468
6050
5796
5542
13850
13596
6178
5924
5670
13978
13724
6306
6052
5798
14106
13852
6307
6180
5926
14234
13980
6435
6181
6054
14362
14108
6436
6309
6055
14490
14236
6564
6310
6183
14618
14364
6692
6438
6184
14746
14492
6820
6566
6312
14874
14620
6948
6694
6440
15002
14748
7076
6822
6568
15130
14876
7204
6950
6696
15258
15004
7332
7078
6824
15386
15132
7460
7206
6952
15514
15260
15642
15261
15388
7588
7334
15770
15389
15516
7080
7589
15898
15517
15644
7716
7335
16026
15645
15772
7844
7463
16154
15773
15900
7972
7591
5152
15901
16028
8100
7719
7592
16029
16156
8228
7847
7593
16157
16284
8356
7975
7721
16285
16283
8484
8103
7849
16286
7722
8612
8231
7977
16287
7723
8740
8359
8105
16288
7851
8868
8487
8233
16289
7979
8996
8615
8361
16290
8107
9124
8743
8489
16291
8235
9252
8871
8617
16292
8363
9380
8999
8745
16293
8491
9508
9127
8873
7319
8619
9636
9255
9001
8874
8747
9764
9383
9129
8875
8748
9892
9511
9257
9003
8749
10020
9639
9385
9131
8877
10148
9767
9513
9259
9005
10276
9895
9641
9387
9133
10404
10023
9769
9515
9261
10532
10151
9897
9643
9389
10660
10279
10025
9771
9517
10788
10407
10153
9899
9645
10916
10535
2456
10027
9773
11044
10663
2588
7462
7208
7717
2450
2328
10155
9901
11172
7187
2589
10283
10029
11300
2460
7209
10664
10157
10662
2329
5787
15643
15262
2709
15641
7337
10158
2710
15134
7186
7338
10286
10159
15135
2198
10411
10414
10160
15136
2448
10539
10542
10288
15264
15137
10667
10670
10416
15392
15138
10795
10798
10544
15520
15266
10923
10926
10672
15648
15394
11051
11054
10800
15776
15522
11179
11182
10928
15904
15650
11307
11310
11056
16032
15778
11435
11438
11184
16033
15906
11563
11566
11312
16034
15907
11691
11694
11440
16035
15908
11819
11822
11568
16036
15909
11947
11950
11696
16037
15910
12075
12078
11824
16038
15911
12203
12206
11952
16166
15912
12331
12334
12080
16167
16040
12459
12462
12208
16295
16041
12587
12590
12336
16296
16169
12715
12718
12464
16297
16170
12843
12846
12592
16298
16171
12971
12974
12720
16299
16172
13099
2330
12848
16300
15640
10792
7466
12976
16301
2201
10920
7467
13104
16302
2715
11048
7468
13232
16303
7314
2320
2193
13360
16304
15768
2331
10285
13488
16305
2068
2199
2712
13616
16306
7442
2192
2065
13744
15896
2203
15767
2069
13872
2071
1940
2716
7570
14000
2064
1937
16024
2204
14128
15766
1941
2072
1812
14256
1943
7698
1936
1938
14384
16023
2205
15894
1942
14512
1944
1684
1815
7826
14640
1808
1810
16151
2333
14768
15893
1814
1945
1685
14896
1687
7954
1680
1682
15024
16279
2334
16021
1686
15152
1946
1557
1688
8082
15280
1681
1554
16280
2462
15408
16149
1558
2074
1429
15536
1689
8210
1553
1555
15664
16281
2463
16277
1430
15792
16148
1301
1690
8338
15920
1425
1427
2196
2591
16048
16276
1431
16147
1173
1691
6803
1297
1299
1424
2719
3232
16275
1432
16019
1174
1819
6802
1298
1171
1423
2847
3104
16274
1433
15891
1175
1820
6930
1170
1043
1551
2848
3105
16273
1434
15763
1176
1948
6929
1042
1044
915
2849
3106
16145
1435
15764
1177
1949
7057
914
916
787
2850
3234
16017
1436
15636
1178
1950
7056
786
917
659
2851
3235
15889
1564
15637
1179
2078
7184
658
918
660
2979
3363
15761
1565
15509
1180
2079
7312
530
919
661
2980
3364
15633
1693
15510
1181
2207
7440
402
920
662
3108
3492
15634
1694
15511
1309
2208
7568
403
921
663
3109
3620
15506
1695
15383
1310
2336
7696
404
922
664
3237
3748
15507
1823
15384
1438
2337
7824
405
923
665
3238
3876
15379
1824
15256
1439
2465
7952
406
924
666
3366
4004
15380
1952
15128
1440
2593
8080
407
925
667
3494
4005
15252
1953
15000
1568
2594
8208
408
926
668
3622
4133
15253
2081
14872
1569
2595
8336
409
1054
669
3750
4134
15254
2082
14744
1697
2596
8464
410
1055
670
1939
4262
15126
2210
14616
1698
2724
8592
411
1183
671
542
4390
14998
2211
14488
1826
2725
8720
412
1184
799
414
4518
14870
2339
14360
1827
2853
8848
413
1185
800
415
4646
14742
2340
14232
1955
2854
8976
285
1313
928
416
4647
14614
2341
14104
1956
2982
9104
157
1314
929
544
4775
14486
2469
13976
2084
2983
9232
158
1442
930
545
4776
14358
2470
13848
2085
3111
9360
159
1443
1058
673
4904
14230
2598
13720
2086
3112
9488
160
10790
3592
16174
2073
2717
3240
9616
14102
10918
2599
5032
1571
1059
674
9489
9487
11046
3368
9744
13974
2727
5160
1572
1187
11174
675
9490
9486
3496
9872
13846
2728
11302
16046
6420
2332
2214
9614
3624
5288
11430
15918
10000
6419
2215
9742
3752
5416
11558
15790
10128
6291
2343
9870
3880
5544
11686
15662
10256
6163
2344
9998
4008
5672
11814
15534
10384
6164
2472
10126
4136
5800
11942
15406
10512
6036
2473
10254
4264
5928
12070
15278
10640
5908
2601
10382
4392
5929
12198
15150
10768
5780
2602
10510
4520
6057
12326
15022
10896
5652
2730
10638
4521
6058
12454
14894
11024
13592
6292
9618
4649
6186
12582
1700
11152
1188
2856
9746
4650
6314
12710
14766
11280
13464
13591
9874
4778
6442
12838
1701
11408
10766
2858
10002
4906
6570
12966
1829
11536
10894
2986
10130
5034
6698
13094
1830
11664
11022
3114
10258
5162
6826
13222
1831
11792
11150
3242
10386
5290
6954
13350
1959
11920
11278
3370
10514
5418
7082
13478
1960
12048
11406
3498
10642
5546
7083
13606
13607
13734
13608
13735
13862
13609
13736
13863
13990
13610
7084
7211
13605
13737
13864
13991
14118
13738
13733
13480
13861
13865
13992
14119
14246
13866
13732
13352
13860
13993
14120
14247
14374
13994
13731
13353
13988
14121
14248
14375
14502
14122
13603
13354
14116
14249
14376
14503
14630
14250
13475
13355
14244
14377
14504
14631
14758
14378
13476
13483
14372
14505
14632
14759
14886
14506
13348
13484
14500
14633
14760
14887
15014
14634
13220
13612
14628
14761
14888
15015
15142
14762
13092
13740
14756
14889
15016
15143
15270
14890
12964
13868
14884
15017
15144
15271
15398
15018
12836
13996
15012
15145
15272
15399
15526
15146
12708
14124
15140
15273
15400
15527
15654
15274
12580
14252
15268
15401
15528
15655
15653
15402
2088
13481
7212
15529
15656
13604
15396
15530
14253
15403
7213
15657
15652
15275
15524
15658
14381
15404
7341
15785
7214
15276
14254
15786
14509
15532
7342
14382
7215
15148
14126
15914
14637
15660
7470
7343
7216
15020
13998
15915
14636
15788
7598
7344
7217
14892
13870
15916
14764
7088
7726
7472
7218
7089
13742
7345
7599
6960
7854
7600
7346
6961
13614
7219
7090
6832
7982
7728
7474
6962
13486
7220
7091
6704
8110
7856
7602
6963
13358
7348
7221
6705
8238
7984
7730
6964
13230
7476
7222
6706
8366
8112
7858
6965
3626
7604
7350
6707
8494
8240
7986
6966
3754
7732
7478
6708
8622
8368
8114
6967
3882
7860
7606
6709
8623
8496
8242
7095
4010
7988
7734
6710
8751
8497
8370
7096
4138
8116
7862
6711
8879
8625
8371
7224
4266
8244
7990
6712
9007
8753
8499
7352
4394
8245
8118
6840
9135
8881
8627
7480
4395
8373
8119
6841
9263
9009
8755
7608
4523
8501
8247
6969
9391
9137
8883
7736
4524
8629
8375
6970
9519
9265
9011
7864
4652
8757
8503
7098
9647
9393
9139
7992
4780
8885
8631
7226
9775
9521
9267
7993
4908
9013
8759
7354
9903
9649
9395
8121
5036
9141
8887
7482
9904
9777
9523
8249
5164
9269
9015
7610
9905
9778
9651
8377
5292
9397
9143
7738
10033
9779
9652
8505
5420
9525
9271
7866
10034
9907
9653
8633
5548
9526
9399
7867
10162
9908
9781
8761
5676
9527
9400
7995
10290
10036
9782
8889
5804
9655
9401
8123
10418
10164
9910
9017
5932
9656
9529
8251
10546
10292
10038
9145
6060
9784
9530
8379
10674
10420
10166
9146
6188
9912
9658
8507
10802
10548
10294
9274
6316
10040
9786
8635
10930
10676
10422
9275
6444
10168
9914
8763
11058
10804
10550
9403
6572
10296
10042
8891
11186
10932
10678
9404
6700
10424
10170
9019
11314
11060
10806
9532
6828
10552
10298
9020
11442
11188
10934
9660
6829
10680
10426
9148
11570
11316
11062
9788
6957
10808
10554
9149
11698
11444
11190
9916
6958
10936
10682
9277
11826
11572
11318
10044
9917
11064
10810
9278
11954
11700
11446
10172
9918
11192
10938
9406
12082
11828
11574
10300
10046
11320
11066
9534
12210
11956
11702
10428
10174
11448
11194
9662
12338
12084
11830
10556
10302
11576
11322
9663
12466
12212
11958
10684
10430
11704
11450
9791
12594
7185
12086
10812
10558
11832
11578
9792
12722
12595
12214
10940
10686
11960
11706
9920
2070
12596
12342
11068
10814
12088
11834
10048
9921
12724
12470
11196
10942
12216
11962
10176
9922
12852
12598
11324
11070
12344
12090
10304
10050
12980
12726
11452
11198
12472
12218
10432
10178
13108
12854
11580
11326
12600
12346
10560
10306
13236
12982
11708
11454
12728
12474
10688
10434
13364
13110
11836
11582
12856
12602
10816
10562
13492
13238
11964
11710
12984
12730
10944
10690
13620
13366
12092
11838
13112
12858
11072
10818
13748
13494
12220
11966
13240
12986
11200
10946
13876
13622
12348
12094
13368
13114
11328
11074
14004
13750
12476
12222
13496
13242
11456
11202
14132
13878
12604
12350
13624
13370
11584
11330
14260
14006
12732
12478
13752
13498
11712
11458
14388
14134
12860
12606
13880
13626
11840
11586
14516
14262
12988
12734
14008
13754
11968
11714
14644
14390
13116
12862
14136
13882
12096
11842
14772
14518
13244
12990
14264
14010
12224
11970
14900
14646
13372
13118
14392
14138
12352
12098
15028
14774
13500
13246
14520
14266
12480
12226
15156
14902
13628
13374
14648
14394
12608
12354
15284
15030
13756
13502
14776
14522
12736
12482
15412
15158
13884
13630
14904
14650
12864
12610
15540
15286
14012
13758
15032
14778
12992
12738
15668
15414
14140
13886
15160
14906
13120
12866
15796
15542
14268
14014
15288
15034
13248
12994
15924
15670
14396
14142
15416
15162
13376
13122
16052
15798
14524
14270
15544
15290
13504
13250
16180
15926
14652
14398
15672
15418
13632
13378
12847
16054
14780
14526
15800
15546
13760
13506
13379
16182
14908
14654
15928
15674
13888
13634
13380
16310
15036
14782
16056
15802
14016
13762
13508
16309
15164
14910
16184
15930
14144
13890
13636
13509
15292
15038
16312
16058
14272
14018
13764
13510
15420
15166
16313
16186
14400
14146
13892
13638
15548
15294
16314
16187
14528
14274
14020
13766
15676
15422
16315
16188
14656
14402
14148
13894
15804
2319
15550
16189
14784
14530
14276
14022
15932
15805
15678
16317
14912
14658
14404
14150
15933
15806
15679
16318
15040
14786
14532
14278
15934
15807
15680
16319
15168
14914
14660
14406
16062
15808
15681
16320
15296
15042
14788
14534
16063
15936
15682
16321
15424
15170
14916
14662
16064
15937
15810
16322
15425
15298
15044
14790
16065
15938
15811
16323
15426
15299
15172
14918
16066
15939
15812
16324
15427
15300
15173
15046
16067
15940
1809
16196
15555
15301
15174
15047
16068
15941
15428
16197
15556
15429
15175
15048
16069
15942
15302
16198
15557
15430
15303
15049
16070
2076
15814
15943
15685
15431
15304
15177
16071
15050
15815
15944
15686
15559
15305
15178
16072
15051
15816
15945
15687
15560
15433
15179
16200
15052
15817
15946
15688
15561
15434
15307
16328
1813
15053
1811
15818
15562
15435
15308
16329
16327
15181
15054
15819
15563
15436
15309
16330
15690
15182
15055
15820
15564
15437
15310
16331
16202
15183
15056
15948
15565
15438
15311
16332
16203
15184
15057
16076
15693
15439
15312
16333
16075
15185
1935
15058
15694
15567
15313
16334
16205
15186
15440
15059
15822
15568
15441
16335
16206
15187
15314
15060
15950
15696
15442
16336
16078
15315
15188
15061
15951
15824
15570
16337
16079
15316
15189
15062
15952
15825
15698
16338
16080
15444
15190
15063
15953
15826
15699
1816
16081
15572
1683
15064
15954
15827
15700
14935
16082
15573
15191
15192
15955
15828
15701
14807
16083
15574
15319
1556
15956
15829
15702
14808
16211
15575
15447
15446
15957
15830
15703
14809
16212
15576
15448
14680
16085
15831
15704
14937
16340
15577
15449
14552
16086
15959
15705
14938
16341
15578
15450
14553
16214
15960
15833
15066
16342
15579
15451
14554
16215
16088
15834
15194
16343
15707
1817
14682
16216
16089
15962
15195
16344
15708
15835
14683
16217
16090
15963
15196
16345
15836
15709
14811
16218
16091
15964
15324
16346
15837
1559
14812
16219
16092
15965
15325
16347
15838
15581
14940
16220
16093
15966
15453
16348
15839
15582
14941
16221
16094
15967
15454
16349
15840
15583
15069
16222
16095
15968
15455
16350
15841
15584
15070
16223
16096
15969
15456
16351
1679
15585
15198
16224
16097
15970
1552
15457
15328
15586
15199
16225
16098
15971
15071
15458
15200
15714
15587
16353
16099
15972
15072
15459
15201
15715
15588
16354
16227
15973
15073
15460
15202
15716
15589
16355
16228
16101
15074
15461
15203
15717
15590
16356
16229
16102
15075
15462
15204
15718
15591
16357
16230
16103
15076
15463
15205
15846
15592
1818
16231
16104
15077
15464
15206
15847
1560
15593
15720
16105
15078
15465
15207
15848
15336
15721
15594
16233
15079
15466
15208
15849
15337
15722
15595
16361
15080
15467
15209
15850
15338
15723
15596
16362
15081
1426
15210
15978
15468
15724
15597
15851
15082
14953
15211
15979
15469
15852
15598
15725
15083
14825
15212
16107
15470
15853
15726
15599
15084
14826
1428
16235
15471
15981
15727
15600
15085
14827
14698
16236
1561
16109
15855
15601
15086
14828
2089
16364
16237
16110
15983
15729
15214
14829
12579
1302
16238
16111
15984
15857
15215
13229
5674
7085
14380
16112
15985
15858
15216
13101
5802
13228
16239
16240
15986
15859
1300
15217
15088
16113
16367
16368
16114
15344
15731
15345
14960
15218
15089
16369
16242
16115
15732
15346
14961
15219
15090
1562
16243
16116
15733
15474
14962
15220
15091
14833
16371
16117
15861
15475
14963
15348
15221
12452
12176
10770
1316
2857
5651
15862
15476
14964
16245
10898
11534
10771
1303
15990
13336
2217
15477
11026
14570
16366
14830
15991
11662
11533
1172
11154
14705
15478
2218
16119
11790
14965
16372
11282
11661
11532
15349
16247
11918
16047
13718
11410
14638
14966
14837
11660
12046
11404
11531
11538
16375
1304
11917
12324
15094
2346
11788
11666
16376
16374
1046
11276
11530
11916
14709
11794
16377
11667
15095
2347
11787
12196
15606
11922
1305
16378
15223
1045
11786
5523
15607
1047
15890
16379
15351
15224
11914
14706
15735
15608
14831
16380
15352
15225
12042
14571
15736
15609
14703
16381
15353
15226
12170
11785
15864
15610
11148
15635
15354
15227
14710
11658
15865
1295
14575
12298
15355
15228
14707
1317
15993
2475
14576
12426
15483
15229
12068
14582
16121
14572
12578
12554
1049
15357
2476
12451
14579
14573
1445
12682
12555
15485
2604
2477
11940
14583
788
12810
12556
15613
2732
2478
12706
14580
14445
12938
12684
15741
1446
11812
14584
14455
785
13066
12812
15869
789
12834
14452
531
1574
13194
12940
11684
15870
14712
14327
784
657
13322
12962
14453
14324
1575
790
11556
532
13323
14840
14328
912
656
13090
14325
14196
13451
1576
14323
11555
12961
14968
14329
1040
13579
528
13218
14197
14068
1704
14322
11427
13707
12960
14969
14457
1168
400
13346
14198
13835
13940
1705
14450
11426
13088
14970
14458
13963
12832
272
13345
14070
14711
14442
32
274
14842
14586
534
12704
161
13473
14071
13942
14314
273
146
14843
14587
14714
12576
289
275
14072
13814
14315
33
147
535
14588
14715
12448
290
12575
14073
13815
14316
145
148
34
14716
14589
12449
418
19
14074
13816
14188
12574
149
35
14717
14590
12321
419
14461
14202
13817
14189
12702
150
163
14845
14591
12322
420
14333
14203
13818
14190
12830
151
164
14973
14719
17
548
277
14331
13819
14318
12958
152
165
14974
14847
11298
549
14972
23
13947
14319
13086
153
293
15102
14975
16
677
550
12194
13948
14320
13214
154
294
15103
25
15
805
551
12066
14076
14192
13342
155
295
15231
26
143
933
679
11938
14077
14193
13470
27
296
15359
167
11297
1061
807
11170
14078
14065
13598
28
424
15487
39
142
1062
935
11810
14206
14066
13726
13599
425
15615
40
270
1190
936
11042
14207
13938
13854
13600
553
15743
41
398
1191
1064
11682
14335
13810
13982
13728
681
554
169
526
1319
1065
11169
1192
13811
14110
13856
809
555
170
654
1320
1193
11681
1066
13683
14238
13984
810
683
298
782
1321
1194
11168
1067
13684
14366
14112
811
684
299
910
1449
1195
11553
1068
13685
14494
14240
812
685
300
1038
1450
1323
10914
1069
13557
14622
14368
813
686
428
1166
1578
1324
11552
1197
13558
14750
14496
814
687
429
1165
1579
1452
11040
1198
13559
14878
14624
942
688
430
559
1707
1453
10786
1326
13560
14879
14752
943
816
431
302
1835
1581
11424
1327
13561
14880
14753
1071
817
432
174
1963
1709
10912
1455
13562
14881
14754
1072
945
433
175
2091
1837
10658
1583
13563
14882
14626
1200
946
561
176
2092
1965
11423
1711
13564
13435
14498
1201
1074
562
177
2220
1966
10530
1839
13692
13307
14370
1329
1075
690
178
2221
2094
10784
1840
13693
13308
14242
1457
1203
691
306
2222
2095
11295
1968
13821
13309
14114
1585
1331
819
307
2223
2096
10402
1969
13822
13437
13986
1713
1459
820
435
2351
2097
11294
1970
13823
13438
13858
1714
1587
948
436
2352
2225
10274
1971
13951
13566
13439
1715
1588
949
564
2480
2226
10656
2099
14613
13567
13311
1716
1589
1077
565
2608
2354
10528
2100
14612
10655
13183
1844
14103
1205
693
2736
2482
10146
2228
14740
11166
13055
1845
13182
1333
694
2864
2610
10654
2356
13975
10400
12927
1973
1846
1334
822
2992
2738
10782
2484
30
11038
12799
1974
1847
1462
823
3120
2866
10910
2612
2485
10272
12671
14357
1848
1463
951
13847
2994
11037
2740
2486
10909
12543
14356
1976
1591
1079
952
3122
10018
2868
2614
11036
12415
14228
13719
1592
1207
953
3250
10908
2996
2742
9890
12287
14100
14227
1593
1208
1081
3378
11164
3124
2870
10780
12159
13972
14226
1721
1336
1082
3506
10144
3252
2998
11292
12031
13844
14354
1722
1337
1210
3634
10652
3380
3126
10016
11420
13716
14482
1850
1338
1211
3762
11903
3508
3254
10524
9762
13588
14610
1978
1466
1212
3890
9888
3636
3382
11775
10525
13589
14738
2106
1467
1340
4018
11548
3764
3510
9760
11647
13461
14866
2234
1595
1341
4146
10397
3892
3638
9634
9632
13462
14994
2362
1596
1469
4274
11519
4020
3766
10398
11676
13334
15122
2490
1724
1470
4402
9504
4148
3894
11391
11804
13206
15250
2618
1852
1598
4530
10270
4276
4022
9505
11932
13207
15249
2746
1980
1726
4658
11263
4404
4150
10142
12060
13079
15377
2874
2108
1854
4786
9377
4532
4278
11135
12188
13080
15376
3002
2236
1982
4914
10014
4660
4406
9506
12316
12952
15504
3130
2364
2110
5042
11007
4788
4534
4407
12317
12824
15503
3258
2492
2238
5170
9378
4916
4662
4408
12445
12696
15631
3386
2620
2366
5298
9250
5044
4790
4536
4409
12568
15759
3514
2748
2494
5426
9122
5172
4918
4664
4410
12440
15887
3642
2876
2622
5554
8994
5300
5046
4792
4538
12312
16015
3770
3004
2750
5682
10879
5428
5174
4920
4666
12311
16143
3898
3132
2878
5810
9886
5556
5302
5048
4794
12183
16271
4026
3260
3006
5938
10751
5684
5430
5176
4922
8866
16270
4154
3388
3134
6066
12182
5812
5558
5304
5050
10623
16269
13463
3516
3262
6194
8865
5940
5686
5432
5178
12054
16141
16268
3644
3390
6322
9758
6068
5814
5560
5306
8737
16013
16267
3772
3518
6450
11926
6196
5942
5688
5434
9630
15885
16139
3900
3646
6451
8736
6324
6070
5816
5562
11798
15757
16011
4028
3774
6452
10495
6325
6198
5944
5690
8608
15629
15883
4156
3902
6453
11670
6326
6199
6072
5818
10367
15501
15755
4284
4030
6454
8480
6327
6200
6073
5946
11542
15373
15627
4412
4158
6455
10239
6328
6201
6074
5947
9502
15374
15499
4540
4286
6456
8352
6329
6202
6075
5948
9374
15246
15371
4668
4414
6457
10111
6330
6203
6076
5949
9375
15247
15243
4796
4542
6585
8224
6331
6204
6077
5950
9247
15119
15244
4924
4670
6586
9983
6459
6205
6078
5951
9248
15120
15116
5052
4798
6714
8096
6460
6333
6079
5952
11414
14992
15117
5180
4926
6715
9120
6588
6334
6207
5953
11286
14864
14989
5308
5054
6843
8992
6589
6462
6208
6081
11158
14736
14990
5436
13717
5182
8991
6717
6463
7968
9855
6082
5437
5564
5183
5310
14608
14862
8990
6336
6845
8863
13590
5565
5692
5311
5184
7840
14480
14734
6337
6973
6846
9727
5693
5566
5439
5185
9118
8862
14352
6465
7101
6847
14606
5694
5567
5440
5313
11030
9117
9599
6593
7229
6975
14224
5695
5568
5441
5314
14478
10902
9245
6721
7357
7103
8734
5696
5569
5442
5315
14096
14350
7712
6849
7485
7231
9471
5697
5570
5443
5316
9244
14097
14222
6977
7613
7359
8606
5698
5571
5444
5317
10774
9372
13969
7105
7741
7487
7360
5826
5572
5445
5318
14094
7584
9500
7233
7869
7615
7361
5827
5700
5446
5319
13970
13966
9343
7234
7997
7743
7489
5955
5701
5574
5320
9628
13842
13967
7235
8125
7871
7617
5956
5829
5575
5448
10646
9756
13714
7363
8253
7999
7745
6084
5830
5703
5449
13839
9215
9884
7491
8381
8127
7873
6212
5958
5704
5577
13586
13840
7456
7619
8509
8255
8001
6340
6086
5832
5578
10012
13458
13712
7747
8637
8383
8129
6468
6214
5960
5706
10518
10140
13459
7875
8765
8511
8257
6596
6342
6088
5834
13584
7328
10268
8003
8893
8639
8385
6724
6470
6216
5962
13331
13456
10390
8131
8894
8767
8513
6852
6598
6344
6090
7200
13332
13328
8259
9022
8768
8641
6980
6726
6472
6218
7327
10262
13204
8387
9023
8896
8642
7108
6854
6600
6346
13329
7199
7326
8515
9151
8897
8770
7109
6982
6728
6474
13076
10134
13201
8516
9152
9025
8771
7237
6983
6856
6602
7071
13077
7454
8644
9280
9026
8899
7365
7111
6857
6730
6603
10006
13202
8645
9408
9154
8900
7493
7239
6985
6731
6604
12949
7582
8773
9536
9282
9028
7621
7367
7113
6859
6605
9878
13074
8774
9537
9410
9156
7749
7495
7241
6987
6733
9087
7710
8902
9665
9411
9284
7877
7623
7369
7115
6861
9750
12950
9030
9666
9539
9285
8005
7751
7497
7243
6989
8959
9086
9158
9667
9540
9413
8133
7879
7625
7371
7117
12822
12946
9159
9795
9541
9414
8261
8007
7753
7499
7245
8831
9085
9287
9796
9669
9415
8389
8135
7881
7627
7373
12694
12947
9288
9924
9670
9543
8390
8263
8009
7755
7501
9213
9622
9289
10052
9798
9544
8518
8264
8137
7883
7629
8703
9341
9417
10180
9926
9672
8519
8392
8138
8011
7757
12819
9494
9418
10308
10054
9800
8647
8393
8266
8012
7885
9469
12566
9546
10436
10182
9928
8648
8521
8267
8140
7886
8575
9597
9674
10564
10310
10056
8776
8522
8395
8141
8014
9366
12438
9802
10692
10438
10184
8904
8650
8396
8269
8015
9725
8447
9930
10820
10566
10312
9032
8778
8524
8270
8143
12820
9853
10058
10948
10694
10440
9033
8906
8652
8398
8144
12437
12692
10186
11076
10822
10568
9034
8907
8780
8526
8272
9981
8319
10314
11204
10950
10696
9162
8908
8781
8654
8400
12564
10109
10442
11332
11078
10824
9163
9036
8782
8655
8528
9238
8191
10570
11460
11206
10952
9291
9037
8910
8656
8529
10237
12563
10698
11588
11334
11080
9292
9165
8911
8784
8530
12309
10365
10826
11716
11462
11208
9420
9166
9039
8785
8658
12435
12308
10954
11844
11590
11336
9548
9294
9040
8913
8659
10493
9110
11082
11972
11718
11464
9676
9422
9168
8914
8787
8063
10621
11210
12100
11846
11592
9804
9550
9296
9042
8788
12180
12307
11338
12228
11974
11720
9932
9678
9424
9170
8916
10749
8982
11466
12356
12102
11848
10060
9806
9552
9298
9044
12052
10877
11594
12484
12230
11976
10188
9934
9680
9426
9172
12306
7935
11722
12612
12358
12104
10316
10062
9808
9554
9300
11005
11924
11850
12740
12486
12232
10444
10190
9936
9682
9428
12178
11133
11978
12868
12614
12360
10572
10318
10064
9810
9556
9429
7807
12106
12996
12742
12488
10700
10446
10192
9938
9684
9430
11261
12234
13124
12870
12616
10828
10574
10320
10066
9812
9558
11796
12362
13125
12998
12744
10956
10702
10448
10194
9940
9686
9559
12490
13253
12999
12872
11084
10830
10576
10322
10068
9814
9560
12618
13254
13127
12873
11212
10958
10704
10450
10196
9942
9688
12746
13255
13128
13001
11340
11086
10832
10578
10324
10070
9816
12747
13383
13129
13002
11468
11214
10960
10706
10452
10198
9944
12875
13384
13257
13003
11596
11342
11088
10834
10580
10326
10072
12876
13512
13258
13131
11724
11470
11216
10962
10708
10454
10200
12877
13640
13386
13132
11852
11598
11344
11090
10836
10582
10328
13005
13768
13514
13260
11980
11726
11472
11218
10964
10710
10456
13006
13896
13642
13388
12108
11854
11600
11346
11092
10838
10584
13134
14024
13770
13516
12236
11982
11728
11474
11220
10966
10712
13262
14152
13898
13644
12364
12110
11856
11602
11348
11094
10840
13390
14280
14026
13772
12492
12238
11984
11730
11476
11222
10968
13518
14408
14154
13900
12620
12366
12112
11858
11604
11350
11096
13646
14536
14282
14028
12621
12494
12240
11986
11732
11478
11224
13774
14664
14410
14156
12622
12495
12368
12114
11860
11606
11352
13902
14792
14538
14284
12750
12496
12369
12242
11988
11734
11480
14030
14793
14666
14412
12751
12624
12370
12243
12116
11862
11608
14158
14794
14667
14540
12879
12625
12498
12244
12117
11990
11736
14286
14795
14668
14541
12880
12753
12499
12372
12118
11991
11864
14414
14796
14669
14542
13008
12754
12627
12373
12246
11992
11865
14415
14797
14670
14543
13136
12882
12628
12501
12247
12120
11866
14416
14798
14671
14544
13264
13010
12756
12502
12375
12121
11994
14417
14799
14672
14545
13392
13138
12884
12630
12376
12249
11995
14418
14800
14673
14546
13520
13266
13012
12758
12504
12250
12123
14419
14801
14674
14547
13648
13394
13140
12886
12632
12378
12124
14420
14802
14675
14548
13776
13522
13268
13014
12760
12506
12252
14421
14803
14676
14549
13904
13650
13396
13142
12888
12634
12380
14422
14804
14677
14550
14032
13778
13524
13270
13016
12762
12508
14423
14805
14678
14294
14160
13906
13652
13398
13144
12890
12636
14295
12509
12763
14166
14161
14034
13780
13526
13272
13018
12764
14296
12510
14167
14038
14162
14035
13908
13654
13400
13146
12892
14297
12638
14039
13910
14163
14036
13909
13782
13528
13274
13020
14298
12766
14040
13911
14164
12639
14169
13783
13656
13402
13148
14299
12894
14041
13912
12767
12640
14170
13784
13657
13530
13276
14427
13022
14042
13913
12768
12641
12512
13785
13658
13531
13404
14428
13150
14043
13914
12896
12642
12384
13786
13659
13532
13405
14556
13278
14044
13915
13024
12770
12385
13787
13660
13533
13406
14557
13279
14172
14045
13152
12898
12386
13788
13661
13534
13407
14685
13280
14173
14046
13153
13026
12387
13789
13662
13535
13408
14686
13281
14301
14047
13154
13027
12515
13790
13663
13536
13409
14814
13282
14302
14175
13155
13028
12516
13791
13664
13537
13410
14815
13283
14430
14176
13156
13029
12644
13792
13665
13538
13411
14816
13284
14431
14304
13157
13030
12772
13920
13666
13539
13412
14817
13285
14559
14305
13158
13031
12773
13921
13794
13540
13413
14818
13286
14560
14433
13159
13032
12774
14049
13795
13668
13414
14819
13287
14561
14434
13160
13033
12775
14050
13923
13669
13542
14820
13288
14562
14435
13161
13034
12776
14178
13924
13797
13543
14821
13416
14563
14436
13162
13035
12777
14179
14052
13798
13671
14822
13417
14564
14437
13290
13036
12778
14180
14053
13926
13672
14823
13545
14565
14438
13291
13164
12779
14181
14054
13927
13800
14695
13546
14566
14439
13419
13165
12780
14182
14055
13928
13801
14696
13674
13547
14440
13420
13293
12781
14183
14056
13929
13802
14568
13675
13548
14312
13421
13294
12909
14184
14057
13930
13803
12782
13676
13549
11389
13422
13295
12910
14185
14058
13931
13804
12783
13677
13550
12653
13423
13296
13038
12911
14059
13932
13805
12784
13678
13551
11517
13424
13297
13039
12912
13168
13933
13806
12785
13679
13552
12525
13425
13298
13040
12913
13169
13934
13807
12786
13680
13553
11645
13426
13299
13041
12914
13170
13935
13808
12787
13681
13554
12526
13427
13300
13042
12915
13171
14063
13936
12788
11773
12659
11644
13428
13301
13043
12916
13172
12527
12398
12789
12658
11901
12531
11643
13302
13044
12917
13173
11772
12528
12790
12270
12530
12029
12532
13303
13045
12918
13174
11771
11515
12791
12529
12271
12402
12157
13304
13046
12919
13175
12533
11899
12792
11387
12401
12272
12274
13305
13047
12920
13176
12285
12534
12793
12027
11259
12273
12144
13177
13048
12921
12275
12146
12413
12794
12535
12155
11131
12145
13178
13049
12922
12016
12276
12018
12795
12541
12536
12283
11003
13050
12017
12923
11130
11888
12277
12796
12019
12669
12537
12411
13051
10875
12924
11889
11129
11760
12797
12278
12020
11891
12538
13052
12539
12925
8854
11761
11257
11632
11759
12279
12021
11763
13053
11892
12150
7679
10747
11762
11385
11504
11758
12280
12022
11764
11635
11893
12151
8726
11001
11634
11513
11505
11886
12281
12023
11765
11507
11636
11894
7551
10619
11506
11641
11377
12014
12153
12024
11766
11508
11379
11637
8598
10873
11378
11769
11249
12013
12025
11896
11767
11509
11251
11380
10491
8470
11250
11897
11121
12141
12012
11248
11639
11510
11252
11123
10745
7423
11122
8342
10993
12140
11884
11247
11511
11382
11253
10995
8469
10617
10994
10363
10865
12268
11756
11375
11383
11254
11125
10996
8214
8468
10866
7295
10737
12396
11628
11374
11255
11126
10997
10868
10235
10489
10738
7167
10609
12395
11629
11502
11127
10998
10869
10740
8596
10107
10739
10361
10481
12523
11501
12394
10999
10870
10741
10612
7039
8086
10611
8724
10482
12522
10353
12266
10871
10742
10613
10484
10233
6911
10483
8852
10354
12521
10225
12138
10743
10614
10485
10356
9979
10105
10355
8980
10226
12520
10097
12010
10615
10486
10357
10228
6783
9851
10227
9108
10098
12392
9969
11882
10487
10358
10229
10100
7958
6655
10099
9236
9970
12264
9841
11754
10359
10230
10101
9972
9977
9723
9971
9364
9842
12136
9713
11626
10231
10102
9973
9844
6527
7830
9843
9492
9714
12008
9585
11498
10103
9974
9845
9716
9849
9595
9715
9620
9586
11880
9457
11499
9975
9846
9717
9588
7702
6399
9587
9748
9458
11752
9329
11371
9847
9718
9589
9460
9456
9467
9459
9876
9330
11624
9201
11372
9719
9590
9461
9332
9455
6271
9331
10004
9202
11496
9073
11244
9720
9462
9333
9204
9583
9721
9203
10132
9074
11368
8945
11245
9592
9463
9205
9076
9711
9593
9075
10260
8946
11369
8817
11117
9464
9335
9206
8948
9839
9465
8947
10388
8818
11241
8689
11118
9336
9207
9078
8949
9967
9337
8819
10516
8690
11242
8561
10990
9208
9079
8950
8821
10095
9338
8691
10644
8562
11114
8433
10991
9080
8951
8822
8693
10223
9210
8692
8563
8434
11115
8305
10863
9081
8823
8694
8565
10351
9211
8564
8435
8306
10987
8177
10735
8953
8824
8566
8437
10479
9083
8436
8307
8178
10988
8049
10607
8954
8696
8567
8309
10478
8955
8308
8179
8050
10860
7921
10606
8826
8697
8439
8310
10477
8956
8180
8051
7922
10861
7793
10605
8698
8569
8440
8182
10349
8828
8052
7923
7794
10733
7665
10604
8699
8441
8312
8183
10221
8829
8053
7795
7666
7924
7537
10603
8571
8442
8184
8055
10093
8701
7925
7796
7538
7667
7409
10731
8572
8314
8185
7927
9965
8573
7926
7668
7539
7410
7281
10730
8444
8315
8057
7928
9837
8445
7798
7669
7411
7282
7153
10858
8316
8187
8058
7800
9709
8317
7670
7541
7412
7154
7025
10857
8188
8059
7930
7801
9581
8189
7671
7413
7284
7155
6897
10985
8060
7931
7802
7673
9453
8061
7543
7414
7156
7027
6898
10984
7932
7803
7674
7545
9325
7933
7544
7286
7157
6899
6770
11112
7804
7675
7546
7417
9326
7805
7416
7287
7029
6900
6642
11111
7676
7547
7418
7289
9198
7677
7288
7159
7030
6772
6643
11239
7548
7419
7290
7161
9199
7549
7160
7031
6902
6773
6515
11238
7420
7291
7162
7033
9071
7421
7032
6903
6774
6645
6516
11366
7292
7163
7034
6905
8943
7293
6904
6775
6646
6517
6388
11494
7164
7035
6906
6777
8815
7165
6776
6647
6518
6389
6260
11622
7036
6907
6778
6649
8687
7037
6648
6519
6390
6261
6132
11750
6908
6779
6650
6521
8559
6909
6520
6391
6262
6133
6143
11878
6780
6651
6522
6393
8431
6781
6392
6263
6134
9339
6005
12006
6652
6523
6394
6265
8303
6653
6264
6135
6015
8430
6006
12134
6524
6395
6266
6137
8175
6525
6136
5877
6007
8429
6004
12262
6396
6267
6138
6009
8047
6397
6008
5878
5879
8557
6003
12390
6268
6139
6010
5881
7919
6269
5880
5749
5750
8685
5751
12518
6140
6011
5882
5887
7791
6141
5753
5752
5621
8813
5622
8684
6012
5883
5623
5754
7663
6013
5759
5625
5624
8941
5875
8683
5884
5755
5494
5626
7535
5885
5495
5493
5497
9069
5747
8811
5756
5627
5496
5498
7407
5757
5366
5367
5365
9068
5619
8939
5628
5499
5369
5368
7279
5629
5370
5238
5239
9196
5237
8938
5500
5491
5371
5241
7151
5630
5240
5242
5110
9195
5111
9066
5631
5372
5109
5243
7023
5502
5113
5112
5114
9323
4982
9065
5503
5373
4983
4981
6895
5374
5115
4985
4984
9451
4986
9193
5375
4854
5363
4855
5245
6767
5246
5116
4857
9579
4856
9321
5247
4858
5235
4726
5117
6768
5118
4988
4727
9707
4729
9449
5119
4728
5107
4853
4989
6640
4990
4859
4860
9835
4599
9577
4991
4601
4979
4852
4861
6512
4862
4731
4732
9963
4600
9705
4863
4471
4851
4602
4733
6513
4734
4724
4603
10091
4604
9833
4735
4472
4598
4343
4474
6385
4605
4606
4596
10219
4475
9961
4476
4607
4344
4597
4215
6386
4346
4477
4478
10347
4468
10089
4347
4348
4479
4345
4469
6258
4087
4218
4349
10346
4350
10217
4340
4219
4220
4351
4217
4341
6130
4088
4090
10474
4221
10216
4222
4723
4091
4223
4092
4089
6129
4213
3960
10473
3962
10344
4093
4722
4094
3963
4095
3964
6001
3961
4085
10601
3832
10343
3834
4594
3965
3966
3835
3967
5873
3836
3833
10600
4212
10471
3957
4466
3837
3838
3706
3839
5745
3707
3708
10728
4211
10470
3958
4338
3705
3709
3710
3578
5617
3711
3579
10727
4083
10598
3580
4337
3830
3577
3581
3582
5489
3450
3583
10855
3451
10597
3704
4209
3452
3702
3449
3453
3454
3955
3322
10854
3455
10725
3323
3703
5361
3324
4081
3574
3325
3827
3326
10982
3194
10724
3327
3575
5233
3195
3953
3196
3321
3828
3197
10981
3198
10852
3446
3447
5105
3199
3825
3067
3320
3700
3068
11109
3069
10851
3318
3319
4977
3070
3697
3071
2939
3572
3192
11108
2940
10979
2941
3190
4849
3191
3698
2942
2943
3444
3066
11236
3064
10978
2812
3062
4848
3063
3570
2813
2814
3316
3065
11364
2815
11106
2936
2684
4720
2811
3442
2935
2685
3188
2686
11492
2937
11234
2687
2808
2934
4592
3314
2810
2807
3060
2557
11620
2809
11362
2558
2559
2806
4464
3186
2680
2682
2932
2679
11748
2429
11490
2681
2430
2431
2556
3058
4463
2552
2554
2678
11876
2551
11618
2804
2553
2302
2555
2930
4335
2303
2424
2550
12004
2426
11746
2676
2423
2425
2174
2802
2427
4207
2175
2296
12132
2422
11874
2298
2301
2295
2297
2548
2674
2299
4079
2047
12260
2294
12002
2168
2300
2170
2167
2420
2546
2169
2171
2046
1919
4078
12130
2166
2040
2172
2042
2039
2292
2418
2041
2043
1918
1791
12129
3950
2038
1912
2044
1914
1911
2164
2290
1913
1915
1790
12128
1663
3951
3822
1784
1916
1786
1783
2036
1910
1785
1787
12000
2162
3823
1535
3694
1656
1788
1658
1655
1662
1909
1657
11872
1659
3695
2034
1407
3566
1528
1660
1530
1527
1661
1781
11744
1529
1531
3567
1906
1279
3438
1400
1532
1402
1399
1533
11616
1908
1401
3568
1907
1403
1151
1653
1272
1404
1274
3310
11488
11615
1405
3440
1779
1273
1275
1525
1023
1144
1276
3311
11360
11614
1146
3312
1651
1277
1145
1147
1397
895
1016
1148
11232
11742
3183
3184
1018
1523
1149
1017
1019
1271
767
888
11104
11870
1020
3056
3055
890
1395
1021
889
891
1270
639
10976
11998
760
892
2928
2927
762
1267
893
761
763
1142
10848
12126
511
1269
2800
2799
764
1268
765
634
633
1014
10849
12254
635
632
2672
2671
636
1140
637
510
506
886
10721
12255
505
507
2544
2543
504
1012
508
509
382
758
10722
10593
378
377
2416
379
383
884
376
380
381
254
10594
10465
630
250
249
2288
251
255
756
248
252
253
10595
10337
126
2415
122
121
502
123
127
2160
120
124
10467
10338
10209
125
10336
2414
247
374
501
755
2032
119
10468
10210
10081
10208
10335
2159
2286
246
373
500
627
1904
10340
10211
9953
10207
10463
118
2158
2285
245
372
499
626
10341
10083
9954
10079
10591
1776
117
628
2284
244
371
498
10213
10084
9826
9951
10719
625
2030
116
1648
2412
243
370
10214
9956
9827
9823
10718
497
753
1902
115
1649
2540
242
10086
9957
9699
9824
10846
369
496
881
1777
114
2668
1521
10087
9829
9700
9696
10974
241
368
1009
882
495
2796
113
9959
9830
9572
9697
11102
1393
240
1137
1010
367
2924
1774
9831
9702
9573
9569
11230
112
1265
1138
1136
239
3052
366
9703
9574
9445
9570
11358
623
1264
11229
1135
111
3180
238
9575
9446
9317
9442
11357
365
1263
11228
1646
751
3308
110
9447
9318
9189
9443
11485
237
1391
11100
1007
879
3436
493
9319
9190
9061
9315
11484
109
1519
10972
236
1006
3564
878
9191
9062
8933
9187
11612
621
11483
10844
108
235
3692
1005
9063
8934
8805
9059
11740
877
11355
10716
1518
107
3820
1133
8935
8806
8677
8931
11868
749
11354
10588
1517
876
3948
1261
8936
8678
8549
8803
8930
748
11226
10589
1389
875
4076
1260
8808
8679
8421
8675
8929
747
11098
10461
1388
1003
4204
1259
8809
8551
8422
8547
9057
106
10970
10333
1387
1131
4332
1258
8681
8552
8294
8419
9185
619
10842
10205
1515
1130
4460
105
8553
8424
8295
8291
9313
363
10714
10077
1643
491
4588
1129
8554
8296
8167
8292
9312
233
10586
9949
1771
362
4716
490
8426
8297
8039
8164
9440
1001
10458
9821
1899
1772
4844
361
8427
8169
8040
8165
9439
489
10459
9693
2027
1900
4972
873
8299
8170
7912
8037
9567
360
10331
9694
13208
14735
11157
11147
6591
9854
6083
5522
6464
6718
14448
401
11657
1041
11020
6844
12323
5309
5055
2579
10643
5547
4609
4480
5407
15899
15518
5661
15897
7590
13859
14373
13224
13730
13995
14501
13225
13987
7356
9438
14095
3329
2560
3343
2962
5789
7464
7845
5535
16155
16153
3599
6297
16025
7336
6043
15646
16027
13485
13474
14885
14507
14243
14371
14629
13602
13226
14757
13347
14115
14123
14379
14251
13356
5699
5573
5447
9470
10773
7106
7612
7488
6850
7486
9342
7362
7742
14221
7740
7614
7484
5188
5828
13841
5189
7232
5190
7870
6978
7998
7616
5191
267
3982
2964
5537
8232
7981
7983
7978
7729
7475
5791
8230
8613
7347
7601
3347
6299
8485
8102
7471
7597
7727
7725
6045
7850
7853
8104
7473
3600
2963
5917
7848
7846
15397
12835
13997
15019
5663
7594
7465
15525
15011
15147
12707
3855
6553
7974
7976
15787
7087
14508
14510
5409
16158
8357
14125
15659
7086
15531
7571
6833
6831
6597
6471
13455
5963
8258
6723
6341
13330
6467
8384
8895
8640
8766
8132
6959
6469
8130
8512
6215
8386
6595
6089
6217
6343
5835
5961
7876
8004
8769
6853
7855
6345
6599
6851
8260
6091
13200
6725
6979
8514
7455
5579
1289
6169
15769
15771
5915
7081
15390
6956
13867
14245
13482
14117
13989
13611
13739
9726
6719
11029
6972
5186
6974
7100
6466
14351
14605
6592
5057
6594
7102
6848
10720
10975
638
3968
15513
15515
11405
3499
12047
12049
6080
11413
5824
5181
5825
4870
2960
2190
7063
5913
7333
15005
3214
5023
14877
7205
7061
6697
6951
5253
5659
6825
7079
5405
15387
15385
3594
5151
15133
7461
7189
7207
6953
5124
15259
15257
6955
11021
13349
13351
13635
1961
5163
11919
11663
11791
11277
10387
13221
13223
10259
11149
13477
3115
13095
3243
5419
6827
11665
5291
1832
11793
13479
6699
13093
5817
5563
11797
6071
10494
15882
5691
3903
4029
5945
8607
3775
15628
15756
16010
4157
4738
3727
16282
7973
13219
15774
5281
8101
15902
3473
6171
8229
16030
13869
14883
12963
14891
6425
7718
7720
14755
15269
13091
13741
8000
6085
9214
13711
5450
5831
7746
5705
8128
6211
5959
7874
6213
8382
7492
2683
11107
3443
10850
10980
3952
5232
10723
3571
3699
3826
5104
4080
5360
10853
3954
3445
3193
3701
4208
10596
3573
11235
3824
10977
4336
5488
10726
5616
10469
4210
5744
4465
3829
3956
10599
16181
14627
15141
14763
14499
13613
15013
14635
13713
7107
10645
5321
7618
5957
7236
7490
8126
5576
8254
7744
5192
7872
5702
7364
10218
4084
10472
10090
10215
13096
5187
14349
7104
7711
12611
5059
13968
7358
6511
4978
9576
15823
6976
7228
7230
14223
14931
6720
14477
10901
6722
9706
5234
9320
9578
6639
6766
5061
13838
13965
8425
9704
9962
6092
13457
8256
8510
13583
5833
14604
3054
11869
6093
11103
5580
9598
9450
3500
6335
3244
6458
6206
3628
3501
3821
3245
3372
3756
3502
2161
3246
6220
3884
3630
3503
15115
3117
6348
4012
3758
6339
7620
2989
8002
4140
3886
3759
3247
6221
2990
4268
4014
3760
3887
2861
6222
4269
4142
3888
2862
4015
3632
4397
4143
4016
6350
4270
2734
4398
4013
4144
6087
6351
4141
4271
4399
4272
6223
2988
3373
9501
4527
4400
5820
15498
3375
3631
4655
4526
3885
10466
3376
3118
4783
4656
4654
3374
3757
5322
4528
4784
4782
4541
9373
4669
6587
4912
4910
15118
15370
4287
4415
5040
5038
12001
2291
16057
11921
4797
5166
5039
4543
3116
1703
15372
4911
5167
5965
6349
10212
4933
13837
5295
8555
8682
4544
13585
5064
5294
5296
11541
8479
15754
4031
5422
5424
3904
4545
6479
5168
5550
5552
15753
3905
4673
6607
5423
5680
6638
13709
6478
4033
5678
5808
6480
5679
11359
5806
5936
11019
5807
14449
5934
6064
10891
11018
5935
6062
6192
10763
11017
10890
6190
6320
10764
11145
10889
6318
6448
10636
11273
10761
6446
6447
10508
11401
10633
6574
6575
10380
11400
10634
6702
10505
10252
11528
10506
11399
10377
10124
11527
10378
11271
10249
9996
11655
10250
11143
10121
9868
11783
10122
11015
6481
4032
11911
6735
10887
6608
4801
12039
4034
10759
10886
9994
12167
4160
4802
4162
6609
12295
12168
9740
9993
4930
12423
12296
4290
6737
9612
12551
12424
10631
6865
9866
12679
12552
4418
6993
9484
12807
12680
9865
9992
4419
12935
12808
6863
10885
5837
12936
12934
4547
6991
7121
13064
12933
5838
4675
7119
7249
12805
7122
5839
4676
7247
12677
7377
7123
5967
4804
12549
7375
7505
11013
5966
7251
12421
7503
7633
7124
9738
11141
12293
7631
7761
7125
7406
2033
6332
5822
15803
3371
10515
4925
4671
7762
5452
6094
11140
6996
7634
7890
5453
5324
11268
6868
7635
8018
5454
9982
5823
9356
7636
7379
10503
11012
5582
5326
8146
7380
11396
14988
5053
6461
4799
6869
7381
8274
1654
11397
7764
4934
8147
8275
7382
5196
4416
5065
8148
8403
7510
3057
4672
7889
8149
8404
7638
7511
9610
9119
8277
7509
7766
7512
6870
15625
8278
7639
7894
7640
5455
9991
8406
8279
8022
8532
6997
12292
8534
8280
8023
8533
7760
7888
7126
8408
8024
8661
8281
10110
5821
7253
8025
4936
7127
7892
11524
8536
15369
4288
8535
8662
7278
5194
5618
9067
6352
5708
15242
5581
4808
6224
5323
8663
8537
8151
6999
7897
11523
8407
12291
12164
8790
11873
8791
8409
11522
8026
8918
11525
7768
8410
5968
8919
9046
5456
8027
8411
5066
8154
9174
5584
8155
8539
5067
15624
9175
5712
8156
8667
9357
6998
9303
5713
9047
8795
5327
8668
9304
5583
9048
8284
4938
8669
9305
8796
9049
8285
5874
8797
9433
8924
9050
8413
8923
8925
9434
9052
9178
8414
9051
9053
9562
9180
9179
8542
8415
9181
9690
9308
9307
8543
8416
9309
9818
9436
9691
8671
8286
8288
8417
9564
9819
9946
8158
8289
8545
8160
9947
8799
11653
11011
8673
10375
10075
8927
8020
8152
12036
8153
12165
7759
10074
8030
5199
4810
11650
8672
10202
8031
4939
12037
4811
11778
11649
12035
7903
4940
11909
4812
11906
4682
11648
7904
4941
7775
4813
11905
11907
4554
7905
5069
11776
8800
11395
11269
7128
7255
8282
4935
5197
7256
7129
11652
7000
8664
8665
8538
11780
6872
7001
8793
12419
5200
9609
6873
7002
6744
12547
7257
6095
6096
7130
7003
7385
7258
6097
7131
7004
7386
7259
6098
7132
7005
7514
7260
6226
7133
7006
7642
7388
6354
7134
7007
7770
7516
6355
7262
7008
7771
7644
6483
7390
7136
7772
7645
6611
7518
7264
7900
7646
6739
7519
7392
7901
7265
6612
7520
7393
7773
7266
6613
7648
7394
7521
7267
6614
7649
7522
7395
7268
6615
7650
7523
7396
7269
6487
7778
7524
7397
7270
6488
7779
7652
7398
7271
6489
7907
7653
7526
7272
6617
8035
7781
7527
7400
6618
8034
7782
7655
7401
6746
8162
7910
7656
7529
6747
7402
7783
7657
7530
6748
7403
5201
7785
7531
6749
7404
6874
7786
7659
6750
5329
7276
7914
7660
6751
7274
5330
7915
7788
6752
7148
7146
8043
7789
6753
6621
5458
8044
7917
6881
9482
6493
8172
8045
6882
5586
11520
8173
6494
7010
12033
5587
6883
9354
7011
6495
4814
6884
5715
7012
7018
6496
6885
11392
7013
7149
7277
6225
5843
12161
7014
11908
6365
6886
9863
9055
11781
6616
7015
6887
9183
11010
7896
7016
6888
10119
7898
9737
5070
6889
7777
7906
6760
9736
10882
6757
9226
5844
6761
11009
10118
6629
6364
6762
5972
5842
10246
6630
6763
10754
11138
6759
12162
6891
6632
11264
11266
12160
6892
7021
7647
4815
6504
6893
6764
12288
6631
10245
9227
5973
6636
6236
11137
6505
12416
6100
4943
6635
11393
6506
6228
6508
12544
6507
12417
6378
6101
5068
5841
8032
9229
12163
5969
11651
8161
5974
9230
11904
7776
8159
8033
12675
5975
4809
4942
5971
6634
12803
6103
5976
9862
7019
6758
10374
10247
10883
6231
5977
5848
6104
6237
6633
6229
6105
5720
6232
9735
10117
6357
6233
9101
6628
12289
9861
6358
6234
11008
6497
9607
10244
6501
6362
6502
6498
4685
10372
6373
10243
6374
6626
4557
10500
6245
4553
7774
9481
6627
10628
9860
4687
10880
6377
9102
10756
5978
4688
11136
10753
6249
5979
4689
8974
4559
10626
6107
4817
11265
10625
10755
4690
4945
4818
8846
4431
4691
4946
4819
10498
6121
4692
5074
4820
10624
4432
4693
5075
4948
4560
10752
4694
5203
4949
5076
6235
4822
5204
5077
4950
4695
4823
5332
5078
4951
4696
4824
5460
5206
4952
4697
4825
5461
4565
5080
4698
4826
5589
10496
5208
4699
4954
5717
6122
5336
4700
5082
5718
15497
5464
4828
5210
5083
4701
5465
4956
5338
5084
4702
5593
4957
5339
5212
4830
5594
4958
5467
5213
4831
5722
5086
5468
5341
4832
5723
5087
5596
5342
4960
5724
5215
5597
5470
4961
5852
5216
5598
5471
5089
5853
5344
5726
5472
5090
5981
5345
5727
5600
5218
5982
5346
5855
5601
5219
6110
5474
5856
5729
5220
6111
5475
5984
5730
5348
6239
5603
5985
5858
5349
6240
5604
6113
5859
5477
6241
5732
6114
5987
5478
6242
5733
6115
5988
5606
6243
5861
6116
5989
5607
6371
5862
5734
5990
5735
5608
5863
5479
6118
5736
5609
5864
4437
6119
5737
5610
5992
9988
6247
5738
5611
4426
4555
10373
6503
6376
4816
6108
5351
5739
4427
5865
4298
4436
5867
5481
5352
5483
10368
4433
5995
10497
6123
5484
5353
10370
5996
4434
6251
5485
5354
8718
5997
5225
6252
5613
4305
5226
6125
4306
6253
5741
5097
8590
6126
5227
6381
5742
4307
4177
6127
4969
6382
5870
5228
4179
6255
8462
4970
5871
4049
5229
6256
4180
4841
8334
4842
8461
5230
5101
4181
4050
4713
8206
4714
5358
5102
4182
8460
3922
4585
8078
4586
4974
4310
8205
8588
3923
4457
7950
4975
4311
4458
8204
8716
3924
4329
7822
4439
7949
4330
8076
8844
3925
4201
4440
7694
7948
4202
8075
8972
3926
4441
4073
7566
7820
4074
8074
8971
4442
3927
3945
7438
7692
3946
8202
4443
8970
4055
3817
7310
7564
3818
4444
8330
8842
4056
3689
7182
7436
4445
3690
8458
8714
4184
3561
7054
4446
7308
3562
8586
8713
4185
3433
4447
6926
7180
3434
8585
8712
4186
4575
3305
6927
7052
3306
8584
8840
4576
4187
3177
6799
6924
3178
8456
4577
8968
4188
3049
6800
6796
3050
4705
8328
9096
4189
2921
6672
6797
4706
2922
8200
9224
4190
2793
6673
4834
6669
2794
8072
9352
4191
2665
4835
6545
6670
2666
7944
9351
4192
4963
2537
6546
6542
2538
7945
9350
4964
4320
2409
2536
6543
2410
7817
4965
9478
4321
2281
2535
6415
2282
5093
7818
9477
4322
2153
2663
6416
5094
2154
7690
9605
4450
2025
2791
5222
5095
6288
7562
9604
4451
1897
2919
2790
4967
6289
7434
9603
4579
1769
9832
2789
3047
6161
7306
9731
4580
1641
1768
2917
3175
6033
7178
9730
4708
1513
1767
3045
3303
6034
7050
9729
9858
1385
1895
3173
3431
5906
6922
9857
9986
1384
2023
3301
3559
5778
6794
9985
10114
1256
2151
3429
3687
5777
6666
10113
9984
1255
2279
3557
3815
5649
6667
10241
10112
1127
2278
3685
3943
3814
6539
3556
1254
999
2406
3813
4071
3942
6540
3555
1382
871
2405
3941
4199
4070
6412
3683
1510
4850
2533
4069
4327
4198
6413
3811
1638
1511
2532
4197
4455
4326
6285
3939
1637
3810
2660
4325
4583
4454
6286
4067
1765
3809
2659
4453
4711
4582
6158
4195
1893
3937
2787
2658
4710
3681
6159
6030
2021
4065
2915
2530
4838
3553
3680
6029
2149
2020
3043
2402
2529
3425
3679
5901
2148
743
3171
2403
2019
3426
3807
5773
2276
2528
3299
744
2275
3298
3935
5645
5772
2656
1891
2400
616
3806
3934
5517
5771
2784
2527
1763
2272
3805
3933
5389
5899
2912
2399
2526
2273
3677
3932
3804
6027
3040
1635
2654
2398
3549
3931
3803
6155
3168
2145
2782
1507
3550
3930
3675
6283
3296
2146
2910
2270
3422
3929
3547
6282
3295
3674
3038
1508
3423
3801
3419
6410
6281
3673
3166
2142
3037
3800
3420
6409
6153
3545
3165
1380
3036
2143
3292
6537
6025
3417
3293
2014
2908
1252
3035
6536
5897
5224
5612
6246
6102
9099
6380
4944
12545
6379
6509
9989
6363
12674
5846
5847
14991
6491
6375
6500
9480
2931
3164
3544
6152
6408
2141
3672
6280
3291
3418
3546
3294
2269
2909
15114
9246
6117
4552
4425
9987
5482
15881
4424
4551
11540
10369
3416
6156
4308
4309
4428
5866
6244
4558
12673
4300
14860
6250
5721
8973
5592
4679
9825
4170
15880
5591
1634
3041
4301
4678
3039
4171
6154
4302
3421
4172
4169
4043
10339
4173
4042
3548
9734
6109
6238
4299
4423
4550
7839
1011
11656
11285
4174
4296
4549
4422
15496
4175
4046
2271
4421
4294
4047
1762
3918
15879
4293
4166
4295
14861
3790
16007
4165
4167
4038
4292
3791
16135
4037
4039
3910
4164
3792
16263
3909
4040
3782
3911
3920
16264
3781
3912
3919
16008
3654
16265
3913
3784
3908
15495
3655
3785
16137
3656
3780
3907
3786
15367
3657
3528
3653
3787
3527
3779
3529
3400
3788
3652
3525
3399
3530
3916
3272
15239
3524
3397
3531
3402
3273
3271
15240
3396
3532
3274
3269
3145
3143
15112
3533
3275
3268
3141
3017
3783
3651
3276
14984
3015
3018
2889
3650
3277
3013
3661
9565
14863
3278
14986
4045
4168
4041
3915
4044
3914
3279
3149
14858
3150
3649
3407
3021
14730
3022
2888
3535
2890
2893
3023
14731
3536
2891
3014
3024
2895
3537
3012
3521
3152
14856
3665
3522
2763
3153
2886
3666
2767
2765
3281
2760
3667
3394
2761
3140
3406
3668
3169
15113
11669
3539
3669
3540
10366
2633
3139
3670
3282
3541
3412
2887
3542
9568
14985
3410
3413
3284
3283
3414
2287
3154
3285
3156
3155
3286
2766
3026
3157
2635
3027
3411
10238
15626
5819
4283
4159
4285
4413
15245
2768
3538
3409
3025
3520
2896
2911
14476
4161
14479
1167
803
5056
5312
6210
5438
3408
4928
14607
13941
3280
3151
14733
6338
3148
3016
3147
3534
3405
3648
3146
3404
14857
3270
3403
3523
3142
3395
3144
3398
3660
3401
3778
3659
15366
3658
15494
3526
16262
15111
3793
15622
15493
16261
15238
3664
15750
15365
16133
15492
16260
15749
14983
16005
3267
16259
15877
15620
16004
15110
16131
3287
15748
15237
15876
2634
16130
3159
15747
15109
15875
15236
16003
15364
14982
3019
3158
7534
4805
15500
11999
15363
2758
2764
16258
2885
16129
15491
2884
16257
16132
1506
15362
3393
3030
2769
5362
16256
14732
2883
9194
15619
3031
14854
2641
2507
2638
2637
15235
15618
3032
15361
2639
15108
2510
2509
2882
3029
2898
2899
2759
3266
2636
2511
14980
2901
2770
15746
2771
2902
2631
8042
15234
3265
2773
14979
16002
2506
3028
10464
3307
16194
6219
5836
13327
14859
3138
3264
2383
2643
2379
2904
2513
14853
3160
5898
5954
5394
5521
11146
6590
6209
5266
5393
3161
14603
2385
5138
5265
3162
2903
2776
5010
5137
14725
2515
2251
4882
5009
2900
2516
2382
4754
4881
2381
15617
15874
4626
4753
14855
2632
16001
4498
4625
15490
15873
14727
4370
4497
2757
16000
2253
4242
4369
14728
2504
15616
4114
4241
15872
14599
2629
3986
4240
4113
2250
2125
3985
4112
14600
2376
2756
3857
4111
2254
2628
2630
2512
2257
3984
2775
11156
2894
3392
3020
14729
2892
3011
14602
2647
13581
2762
15488
14474
2387
2881
2124
2646
14346
2648
2259
2384
1996
14347
2649
2260
2518
2131
14219
2650
2261
3009
2249
14598
2640
2778
2389
2375
2897
2262
2906
2779
2627
14472
2263
2256
14475
2502
2772
15745
14981
2264
2135
2122
2651
2126
2501
2517
15107
2652
14597
2755
1998
2523
2524
2265
2136
1999
2395
2396
2393
2008
2000
2267
2394
1871
2009
2001
1505
14726
2508
2642
3010
15489
2754
3033
15744
14471
2266
2137
2626
2132
14343
2138
2521
2498
2004
14215
14342
2625
3676
2388
2777
2391
9192
14214
1876
2913
4931
14348
14218
14344
1997
14470
2386
2255
14345
14852
2905
2503
14473
16128
15621
4036
16136
16134
3663
16006
3662
3789
15751
15878
3917
2774
2644
2514
2380
1869
2880
2783
5770
1890
2655
2752
5644
2018
3170
615
742
1741
2147
2129
2520
2121
2519
3297
3424
2133
7150
11028
5058
13582
10900
1995
1378
2120
1740
2401
3042
6028
3552
2914
2657
2786
1867
887
2258
2130
3936
3551
3808
3678
2753
1875
3008
2500
2248
2390
4196
2531
2372
4068
1509
14601
2499
2244
2371
2624
1868
8940
6026
14987
11284
2496
2377
2497
2119
3682
3940
2404
3554
3812
998
1253
2368
6411
2369
2127
2373
1994
2007
6284
6538
870
1872
2392
2123
2128
1748
14217
3558
1874
4324
1744
14089
6793
5900
14087
3684
13961
2277
14088
1620
9856
2005
1870
2006
1881
1880
1873
1616
1878
1882
2243
1752
1753
1749
1883
1750
1866
3430
3300
1877
3441
3427
15360
1381
3136
2645
2378
15106
15233
14978
14851
3137
15232
9601
15105
9728
14977
15104
9473
9600
1622
3302
2242
9474
9345
2116
1865
1894
9346
9217
3044
2011
1747
9347
9089
9216
2012
9218
9348
9090
1625
8961
9219
9220
9091
9088
1751
1621
9221
1492
9092
1619
13960
1879
9093
3428
2240
2252
3686
2002
9094
1743
6665
9344
9472
2139
2370
2112
15332
1988
1745
7177
5905
6032
1746
1383
14216
2118
1992
6792
3174
4581
1624
1864
1987
2916
7305
1640
2115
1990
8963
6921
13833
1512
8966
1766
8835
1863
3046
1862
9475
8838
2117
4342
8836
2661
13705
2788
8965
1737
9602
7433
2918
1496
8834
4452
7432
7561
8710
8837
1618
2010
7560
8707
8582
8709
6160
7688
1490
8579
8454
7559
7687
8581
7431
8706
7558
7815
7686
7303
1495
7304
7814
8833
8960
7557
8708
7942
8832
7813
7429
7556
8070
1736
7812
1896
7685
8198
7176
1612
1739
1993
1613
7048
1362
1484
1611
1614
7555
7047
1363
8580
8197
7301
1610
1486
7683
8325
6919
1235
1487
8452
8324
7173
1861
1491
8962
1364
8964
1734
1107
8323
1356
1365
1358
1639
2780
1735
2245
2114
1884
7049
1615
3172
1754
1885
1756
1617
1488
10261
1757
1628
6727
8388
9024
8643
6981
6473
5062
1755
1738
8322
7554
1483
7175
1986
1485
8705
1859
7428
8326
8069
1991
1626
1989
7941
8068
7430
1498
1984
2113
8577
8067
1499
1985
1370
1731
1234
1371
1361
1629
1494
1623
1372
1606
1630
1501
7427
1373
1857
1631
1500
1627
1758
10592
1374
1759
1632
8449
1245
8321
1887
1760
1375
8453
8451
1888
5244
1376
8578
1247
2016
1246
1244
1248
1856
1605
7811
7302
1367
1369
6920
7940
8704
1608
1728
1860
7684
8550
7810
8576
1489
2024
2662
7938
1241
2152
4323
4194
7426
7553
8450
9476
6287
7172
1600
7045
1858
2407
8066
8194
1359
1482
1609
1733
2534
1368
1231
6918
2280
4966
4837
2150
2522
7682
7689
15711
9222
15326
6414
4193
4064
7816
15197
6417
4836
2664
4063
8071
8065
2792
4062
9223
8199
1481
4707
6544
2920
4061
1236
9097
9095
8327
6668
6795
3048
4060
8967
4578
4449
8455
6923
6671
3176
4059
8839
8583
7051
3304
4058
8711
7179
6798
6925
4448
4319
3432
7307
4318
7053
3560
8457
4317
7435
7181
3688
4057
8841
8331
8329
4316
7563
7309
3816
8969
4315
8201
7691
7437
3944
3928
3799
4314
7946
8073
7819
7565
4072
4313
3798
7947
6917
4200
3797
8843
7821
16022
1103
4328
3796
8715
8203
7174
1353
1120
4312
4456
3795
7552
7425
1249
6791
8587
2246
2022
1116
992
4846
8077
4584
1352
7937
4718
8448
1730
1480
1102
4590
6663
8193
991
1118
7424
1602
1479
1117
7939
3289
4980
9064
5060
3794
8332
8459
13326
4054
4712
4053
8333
13198
13325
4840
4052
3921
13070
13197
4048
4051
4968
13071
8320
7809
1474
5999
7296
4176
1108
11739
14220
8195
1115
1109
989
14092
5099
1503
1357
1233
1243
1729
8589
1229
7299
5096
6254
4178
5098
5614
5998
5869
8717
5486
5357
5356
6124
10240
5355
5868
4435
4297
5740
5223
5480
5991
5860
5605
5350
5986
5731
5476
6112
5221
5092
5857
5602
5347
5983
5728
5091
5473
5854
5599
5217
4962
5725
5343
5088
4833
4704
5469
5214
4959
5595
5340
4703
4574
5085
5466
4573
5211
4829
5463
4572
5337
5335
5994
4955
4571
5209
5590
4827
4570
5081
5462
4569
4953
5207
4568
5079
5333
4567
5205
4566
4304
4821
4564
5993
6120
4947
4563
4303
4430
8845
4562
4561
5980
5851
6248
5850
9732
9859
10629
10627
10501
10499
4429
4556
10242
14785
10371
6499
6370
9606
6369
9100
10116
5719
6106
5849
6230
5845
9098
9225
10881
6368
6890
7017
5716
6756
4686
6367
9353
6755
5588
12032
6366
14529
5459
6754
6625
7145
7020
13639
6624
7916
5331
6623
7661
6622
7787
7532
15167
5073
7275
6620
7658
6619
7528
7273
7144
7654
7908
6490
6361
7143
7399
7780
6360
7142
7525
6359
7141
7651
7140
6486
7139
6485
7138
7137
7391
6484
7009
15165
7263
6356
7517
6879
7135
7389
7643
6878
6227
7261
7515
6877
6099
5970
7387
6876
6875
12546
6743
6745
9608
5072
12418
4681
4684
12034
11779
11777
4683
5071
7902
8029
8544
9182
8287
9563
9054
9435
8926
8922
8798
8921
9306
9177
8670
8541
8794
5714
8666
8157
9176
15623
8540
5585
8412
8283
8028
7899
5457
5328
8920
11394
11521
8792
12290
7769
4680
4807
9990
7641
7895
7893
6871
6742
7513
7384
7767
8405
8150
8021
4937
5195
7383
7254
8276
4806
7765
6741
5198
10502
7637
7508
9228
9355
8019
8017
7507
6740
6867
11267
5325
7891
11139
7763
7632
12420
7252
7506
7504
12548
6995
7378
7376
12676
4677
5840
5711
12804
7250
7248
5710
12932
7120
4548
5709
10757
10884
4420
9864
12806
9483
6994
6992
12678
6866
6864
10630
12550
9611
6738
4291
4289
12422
9739
12294
6610
4163
4803
12166
10758
4035
12040
12038
4800
6736
11912
11910
6482
6353
11014
11782
9867
10120
11142
11654
9995
10248
11270
11526
10123
10376
11398
10251
10504
10379
10632
10507
10760
11274
11272
10888
11144
13757
11016
10635
10762
6191
6063
4674
3906
3777
15752
5551
4546
4417
4932
1732
861
1502
1360
1607
2505
7046
7300
8812
5620
7790
5886
5748
1106
1230
1237
12389
6002
8556
8046
1238
12261
8301
8428
5876
978
8174
12133
6014
6131
8302
12005
11877
6142
8558
11749
8196
7662
1366
977
2785
8814
11493
8942
11365
11237
6387
6644
9070
11948
1478
7918
8686
11621
6514
6641
6901
6771
10983
7158
9197
9324
7028
1350
7415
9452
10856
6769
6896
7285
9580
7024
7026
7542
10729
9708
7672
860
9836
7283
7929
9964
7280
7540
10092
8186
8443
10475
10602
7799
10220
7408
7797
8700
10348
1603
8570
8313
10476
7536
7664
10732
8827
8054
8568
8048
8438
8825
10734
8311
10859
10350
8695
7792
9082
10222
8952
8181
10986
10094
10862
8560
9209
9966
8688
11113
9838
8820
10989
8816
9710
9077
8944
11240
11367
9582
9334
11116
9072
11495
11436
9327
9454
9591
9200
11623
7920
11243
9328
11751
6398
11879
8304
8432
11370
11497
9584
11311
8176
9466
11625
9712
12135
9594
9848
7829
11753
9840
12263
6526
9363
9722
9976
11881
9968
12391
9235
1242
1105
12009
10096
10078
12519
9107
7957
9850
12137
10224
6782
8979
1886
10104
9978
12265
7044
10352
7681
7298
1104
1240
12393
10480
3802
8723
1112
7043
7170
10608
1124
3163
10360
10106
975
8192
6662
1604
1239
1477
10610
1119
1476
1111
7042
847
11373
1224
1351
6661
1348
983
10488
13196
7808
3101
1473
1121
5642
7297
1101
1225
982
1122
1347
974
1345
988
15452
8064
6916
1354
6790
1232
11500
1219
11627
10736
1097
1100
1472
2241
1497
1125
1377
7294
1493
7171
11755
12267
10864
6789
1099
10867
11119
969
11883
2017
10362
12139
10616
8213
994
10992
1110
980
1114
8341
984
8595
8085
1113
11124
866
986
973
1764
12011
7041
1636
3938
6157
2003
2374
2247
11120
13453
11381
2134
4066
7040
11638
741
10618
1892
487
11895
10872
8597
11885
11640
7550
1742
858
12152
11630
11757
11376
6912
486
11503
11512
11000
8725
865
10490
11768
11631
857
740
11633
11384
10746
6784
7680
846
8853
11128
729
848
10234
864
12409
7936
10874
993
12410
12668
12149
11887
718
6534
12408
12540
12667
728
736
12282
11890
12148
11002
590
6406
717
12015
600
608
735
12154
727
591
6278
716
6405
472
609
734
480
726
592
6150
844
6404
473
610
606
352
2274
13199
6022
843
6532
474
611
478
353
224
351
6023
598
593
602
483
842
354
6531
350
96
223
721
603
484
5895
226
6659
470
97
714
722
731
356
604
227
6787
222
95
586
723
713
357
476
99
6786
94
221
587
851
712
229
348
100
724
93
220
459
595
840
230
347
101
596
92
219
460
467
839
231
102
331
468
91
218
461
339
967
103
7166
342
340
469
838
333
211
1095
203
338
343
212
214
90
334
83
217
966
337
215
213
86
710
335
82
1094
204
209
87
85
336
89
207
81
216
965
208
88
709
206
84
79
80
75
964
202
210
1123
1093
76
205
837
582
78
201
581
708
1221
77
341
330
74
1092
329
836
963
583
454
453
466
332
584
457
707
580
73
200
835
962
328
456
711
455
326
325
452
579
706
72
199
458
585
834
1090
327
961
198
197
451
228
6658
578
705
98
71
324
833
1089
960
6657
70
69
323
349
6530
450
577
704
6529
355
196
832
1088
6402
959
68
195
6401
6528
594
322
449
6274
576
703
831
6273
6400
1216
958
67
6275
194
1087
321
6145
6272
448
575
702
6147
830
1215
1086
6017
6144
66
193
957
6148
320
447
574
6018
5889
701
829
1343
6020
1085
65
192
5890
5761
956
319
5888
5892
6016
446
573
5891
700
828
64
191
5893
5764
5633
955
5763
318
5760
445
572
5765
5636
699
827
63
190
5634
5505
5635
5766
317
5632
444
571
5508
698
826
62
189
5506
5637
5377
5507
5504
316
443
570
5509
697
5762
5380
61
188
5378
5249
5379
5376
315
6019
6146
442
569
1214
696
60
187
5250
465
597
5121
5251
225
477
5248
314
441
475
346
568
59
5894
6021
605
186
5122
482
345
4993
5120
6276
6403
6149
313
440
464
725
567
58
479
481
344
185
4994
471
853
588
4865
715
6277
463
4992
312
607
12407
12666
12412
599
12147
462
439
10435
12406
12284
589
57
12664
12026
12405
12156
11258
12663
11455
11386
11898
12404
12028
12142
12269
12662
12400
184
12403
11900
12661
12399
4995
12660
12397
12524
12657
11770
11516
11581
12655
13167
11388
12654
12652
13166
14311
14567
12651
13292
14310
13673
12650
13037
12908
14309
13418
14694
13799
12649
12907
13163
14308
14693
13544
13925
12648
12906
14307
13289
14692
13670
14051
12647
11071
14691
13415
13796
12646
12904
14690
13541
13922
12903
14306
14689
13667
12902
14432
14688
13793
11642
12901
14177
12517
12900
14303
14048
13919
14687
12388
12259
13918
14174
12258
12899
13917
14558
12257
12771
13025
13916
12256
12383
12643
12514
12897
13151
14429
12513
12769
13023
13277
12895
14300
14171
13149
13403
13021
13275
13529
12893
13147
13401
13655
14037
12511
12382
14168
12765
13019
13273
13527
13781
14165
12637
12891
13145
13399
13653
13907
13017
13271
13525
13779
14033
12381
12635
12889
13143
13397
13651
13905
14293
12253
12507
12761
13015
13269
13523
13777
14292
12125
12379
12633
12887
13141
13395
13649
14291
12251
12505
12759
13013
13267
13521
14290
11996
12377
12631
12885
13139
13393
14289
12122
12503
12757
13011
13265
14288
11867
11738
12248
12629
12883
13137
11610
11993
12374
12755
13009
12119
12500
12881
14287
11737
12245
12626
11514
11609
4864
12371
12752
14413
14031
311
11481
11735
11989
12497
438
14285
14539
13903
11353
11607
11861
12115
12623
14157
14411
14665
13775
11225
11479
11733
11987
12241
14029
14283
14537
9150
11097
11351
11605
11859
12113
12367
13901
14155
14409
13519
10969
11223
11477
11731
11985
12239
56
12493
14027
14281
13391
183
10935
11095
11349
11443
4867
11857
12111
12365
13645
13899
14153
13263
10713
10967
11221
11475
11729
11983
11315
13517
13771
14025
13135
10585
10839
11093
11347
11601
11855
12645
13389
13643
13897
6830
10457
10711
10965
11219
11473
11727
11981
13261
13515
13769
10329
10583
10837
11091
11345
11599
11853
13133
13387
13641
12878
12749
10201
10455
10709
10963
11217
11471
11725
13259
13513
10073
14159
10581
10835
11089
11343
11597
13004
13385
9945
10199
10453
10707
10961
11215
11863
13130
12748
9817
10071
10325
10579
10833
11087
11341
9516
9689
9943
10197
10451
10705
10959
11213
12874
12619
9561
9432
9815
10069
10323
10577
10831
11085
13000
12491
9687
9941
10195
10449
10703
10957
12745
9659
12363
10661
10067
10321
10575
4736
12617
12871
12235
11260
9431
9302
9685
9939
10193
10447
10701
12489
12743
12997
12107
310
9557
9811
9260
10319
9006
10573
12361
12615
12869
11979
11132
9683
9937
10191
10445
12233
12487
12741
11851
11004
9301
9555
9809
10063
10317
12105
12359
12613
11723
55
7806
9173
9427
9681
4490
9935
10189
11977
12231
9144
12485
11595
10876
182
9045
9299
9553
9807
7934
10061
11849
12103
12357
11467
12305
10748
8917
9171
9425
6434
9679
9933
11721
11975
12229
11339
12051
8789
9043
9297
9551
9805
11593
11847
12101
11211
10620
6815
3858
9169
9423
9677
11465
11719
11973
11083
8981
10492
8660
9041
9295
9549
11337
11591
11845
10955
12433
8786
9167
9421
4781
12179
8062
11463
11717
10827
10364
8531
8402
8912
9293
11081
11335
11589
10699
9109
10236
8657
9038
10953
9012
11461
10571
12434
12561
8783
6971
10825
11079
12432
12562
11333
10443
10108
8190
9237
8401
8909
10697
10951
11205
10315
12689
9980
8273
8527
9035
12560
12431
10569
10823
11077
12690
16294
12817
10187
12688
8145
8399
12559
8653
12303
10441
10695
12430
10949
12436
10059
9852
12816
8271
8525
12687
10313
12558
12302
10567
12429
10821
9931
3095
12944
9724
8882
8397
8651
8905
10185
10439
10693
9803
12815
8142
8523
8777
10057
12686
10311
10565
12301
9596
8446
7887
8268
9365
12814
8649
9929
10183
10437
9547
8574
9468
8013
8394
9801
10055
10309
9419
7701
12565
7758
8139
8520
4139
9673
9927
10181
9340
12173
7630
7884
8265
9545
12691
9799
10053
9290
9161
8702
9212
7502
7756
8010
8391
9671
9925
12693
7374
7628
7882
8136
9416
9797
8957
9084
8830
7246
7500
7754
8008
8262
9542
9160
12818
12945
7118
7372
7626
7880
8134
9668
12300
6990
7244
7498
7752
8006
9286
9031
9493
6862
7116
7370
7624
7878
9412
8903
6734
6988
7242
7496
7750
9157
9538
8775
12172
6606
6477
6860
7114
7368
7622
9029
9283
12821
6476
6732
6986
7240
7494
8901
9155
9409
8646
10005
6858
7112
7366
9027
9281
13357
6984
7238
8772
9153
8517
13073
10133
12948
13075
6475
6729
7110
8898
7325
7198
6347
6601
6855
7197
1355
9621
5063
1228
9877
979
9749
6047
309
54
181
394
1222
10843
3691
234
6654
11356
2413
8932
2031
10334
53
180
620
11611
1901
752
629
750
375
1262
9828
1645
11227
52
364
9188
11099
754
492
2156
10971
1520
2157
2797
494
10517
5707
10973
10590
2795
1008
9444
9698
8638
7748
2667
880
2029
2669
9571
1775
1647
2925
3051
624
9441
1903
1134
3179
9314
3053
3181
2283
622
9316
2933
4591
3059
3187
3313
2938
11233
4976
3448
5231
4719
5103
3061
16009
11363
3315
3189
5615
13072
4467
11361
3831
4595
11619
10342
15023
1004
4086
2805
4216
3959
5743
1002
9310
7583
14093
4589
8548
874
9437
618
4587
8676
3819
4331
746
1128
4205
8423
3947
4459
8163
4333
104
9056
8928
10332
1132
8166
1644
4075
1642
1386
8293
4715
766
8038
1000
1770
4717
1143
7911
6510
4730
4725
4843
5451
1250
8036
1898
9834
9820
4987
5490
1394
757
885
1266
1141
2670
759
2542
720
6914
485
856
8937
845
11256
737
5641
739
719
6660
2144
2525
14090
869
1761
9692
617
2028
5513
4929
1257
6716
4927
4971
1096
1126
359
2026
745
11613
5385
1396
11741
6664
11231
894
5896
2419
3693
3949
11871
2547
4206
3034
6024
15241
15368
2013
2907
1633
3415
1504
2289
5501
5364
1780
3565
1406
1526
1789
1379
6151
2165
1022
5236
2163
11412
12204
3439
11487
2673
5492
1524
5746
12127
1217
1344
11747
2035
4077
1917
3182
2417
1905
1398
2549
1778
2037
2293
3437
2045
1278
1782
8735
3647
3901
16138
15884
9629
5435
5689
5943
6197
11925
6449
3519
3773
16266
16012
5307
5561
5815
6069
1652
6323
6321
3391
4462
16140
12053
5179
5433
5687
5941
8864
6195
6193
3263
3517
10622
1150
5305
5559
5813
4779
6067
6065
3135
3389
4153
4923
5177
5431
5685
4152
10750
5939
5937
3007
4024
3261
4027
4025
4651
3896
5049
5303
5557
9885
3768
5811
5809
2879
3133
3640
3899
3897
16142
12310
3512
12581
4921
5175
5429
3384
10878
5683
5681
2751
3256
3005
3771
3769
16014
3128
4539
4793
5047
5301
3000
8993
5555
4522
2623
2872
2877
3643
3641
15886
12439
10897
4411
4282
4665
4919
5173
9121
5427
5425
2495
2749
3515
3513
15758
12567
4281
4537
4791
5045
5299
5297
12199
2621
3387
3385
15630
5930
12695
2173
4663
4917
5171
5169
2239
2493
3259
3257
15502
12823
2545
4535
4789
11006
5043
5041
2111
2365
3131
3129
4661
10013
4393
4913
1983
2237
3003
3001
15375
12189
11134
4279
4533
9249
12190
4787
4785
1855
2109
12191
12062
2875
2873
12951
12319
11934
12192
12063
12061
10141
11935
12064
11806
4151
4405
11936
11807
11678
11262
4659
11808
11679
11550
4657
1727
1981
2747
2745
15248
11933
4023
4277
4531
4529
1599
1853
2619
2617
13078
13205
11805
11390
2616
3895
4149
9376
9503
2488
4403
4401
1471
1725
2360
2491
2489
15123
15121
2232
2359
11677
3767
4021
2231
11518
4275
4273
1597
2103
2230
2363
2361
14995
14993
9631
9633
3639
14996
3893
10269
4147
4145
1342
2235
2233
14867
14865
13333
11646
9759
3511
3765
11549
4019
4017
1468
2107
2105
14737
11774
3383
3637
9887
3891
3889
1213
1084
1979
14609
13460
13587
9761
10396
3255
3509
11902
3763
3761
1339
3309
14483
14481
13715
11421
10015
3127
3381
3635
3633
1723
14353
13843
12030
2999
3253
10143
2421
3505
1083
14098
14225
13971
12158
2871
3125
3379
3377
1209
1594
14101
14099
4907
9889
2743
2997
3251
3249
954
825
2087
2615
2869
10017
2104
1080
14229
14355
12542
2487
2358
2741
31
1464
1849
1720
12670
10271
2613
2867
3121
2471
824
1719
1975
12798
10781
2739
2993
2991
1335
1718
12926
10399
10526
10653
2611
2865
2863
695
13054
11165
14739
14485
2859
2483
2737
2735
1206
14484
14611
2101
10527
12837
2609
2607
566
1078
1461
1717
2227
2481
950
1843
10273
2353
417
13695
1842
11293
2098
13209
1460
10401
2224
308
1332
12318
13310
13081
692
1204
1458
13180
13694
1841
10783
179
50
1076
1330
13179
985
10529
1967
49
563
1202
13565
4519
1712
11422
2093
48
947
1584
10657
1838
47
434
305
1073
13434
1456
10911
1710
1964
1962
46
173
304
818
13433
45
1328
1582
1836
14741
44
303
944
4915
10785
43
1454
1708
689
560
14625
13431
1199
11039
1580
815
14497
14751
13430
12697
1325
9485
14369
14623
13429
1070
941
10913
1451
1037
301
172
4771
14241
1036
14495
940
1196
909
908
14113
14367
14871
939
780
15125
1322
781
540
652
14239
13555
938
11680
524
653
171
556
427
13857
14111
525
682
13729
13983
13682
13809
397
42
13855
11041
937
426
13727
11809
1063
38
13937
14079
13950
808
11296
297
168
13471
11937
680
934
932
13343
278
12065
552
423
806
804
14
13215
13949
422
678
13
166
37
24
13820
13691
14191
14062
13690
14204
14205
14332
421
292
14463
14846
22
14061
13689
12193
14462
276
36
21
3970
4633
13688
14075
13946
20
13687
13945
291
12320
12447
14460
13973
13686
13813
13944
18
14186
14313
13943
13472
162
12703
14441
13344
144
271
12831
13962
792
14971
13216
13087
11425
1706
13812
13939
13836
13834
399
12959
13708
13706
14194
3110
14067
14069
13217
527
13580
533
1039
14330
14201
11554
529
1448
13452
14195
13089
655
911
14200
14841
14839
13324
783
14199
14326
14713
13068
15871
12941
13195
12833
15868
15999
1051
13067
13065
15996
12813
15867
14585
14456
16124
15995
15739
11811
1447
16125
16123
15742
15740
12685
16126
12937
14060
14317
12705
2606
2479
2350
2733
15614
15612
12557
12428
12811
12809
11939
2349
2605
15486
12939
12681
14451
15358
12553
12450
12577
14444
14454
12067
913
15101
12427
12425
1307
1318
15100
15356
12299
12297
14447
14574
1294
15866
15099
15611
15482
11784
12171
12169
15098
15762
15481
1306
14443
12043
12041
15097
16252
15480
14578
11913
16251
16250
3995
2348
15096
16249
11795
14581
14708
11915
11402
11529
11275
12174
11403
12045
9617
14967
14838
16248
11283
11789
16120
2219
1169
1296
14577
14704
1692
1563
14702
14569
11027
13335
10899
16246
14836
15863
5650
12175
15222
15093
14835
16118
15989
15092
14834
15734
15605
15988
16244
15347
15604
14832
14959
15603
15987
16241
14701
15730
2090
14700
15087
14958
15602
15473
15856
14699
14957
15728
15472
15343
14956
15854
15342
15213
14697
14824
14955
15341
15980
14954
15340
15339
14952
16360
14951
16234
14950
16106
15977
14949
15976
16232
15335
14948
15975
15719
15334
14947
4379
14946
4709
14945
15974
15845
15331
14944
15844
4839
15330
14943
15843
16226
15329
15713
15327
15712
14942
2408
9349
14813
7943
15068
14684
6541
14426
15323
2188
15067
15961
14425
15322
14939
15706
1807
14424
14551
15321
14639
16213
14810
14681
15958
16084
14679
14806
15193
15065
14936
15445
16210
14934
15317
16209
15571
14933
16208
15443
15697
7693
14385
15569
10263
14383
15695
16077
14930
14929
16204
13097
4183
14928
15821
15692
6931
14927
15691
14926
14925
15689
14924
16201
15180
14923
13306
15306
3871
15432
14921
15558
14127
14920
15176
15813
15684
14919
16195
14791
15045
10009
14663
14917
15171
16193
15683
15554
14535
14789
15043
15297
16192
15553
13743
14407
5334
14915
15169
16191
15552
15935
16178
14533
14787
15041
14151
16050
14405
14659
14913
14023
15922
14277
14531
6372
16190
15794
16061
15551
13895
14149
15666
14403
14657
16060
15423
15538
15677
13767
14021
14275
15410
6492
15295
15549
7147
15282
10135
14147
14401
5202
15154
15421
13511
13382
13765
15026
14019
14273
16059
15039
14898
15293
13637
13891
14145
14770
15931
16185
14911
6880
14642
13763
14017
15639
12849
14514
14783
15037
2202
13381
13252
13098
13889
15675
15929
14655
14909
16183
13507
13761
15547
15801
14527
14781
16055
13633
15419
15673
14399
14653
15927
12845
16179
13251
13505
15291
15545
14271
14525
15799
16053
16051
13123
13377
15163
15417
14143
14397
15671
15925
15923
12995
13249
15035
15289
14015
14269
15543
15797
15795
12867
13121
14907
15161
13887
14141
15415
15669
15667
12739
12993
14779
15033
13759
14013
15287
15541
15539
12968
12865
14651
14905
13631
12840
13885
15159
15413
15411
12841
12712
3504
12737
14523
12713
12584
14777
3629
6319
12585
12456
15031
15285
15283
12457
12328
12355
12609
14395
12329
14649
13375
13629
14903
12201
15157
15155
12227
12481
12073
14267
14521
13247
13501
11945
12072
14775
15029
15027
11817
11944
12099
12353
14139
11689
11816
16152
13119
13373
11561
11688
14647
14901
14899
11433
11560
11971
12225
14011
11305
11432
14265
11821
13245
11177
11304
14519
14773
14771
11843
12097
13883
14137
12863
13117
14391
14645
14643
9111
11969
13755
14009
12735
11313
11567
14517
14515
11587
11564
13627
13881
12607
12861
14135
14389
14387
11459
11713
13499
11110
12479
12733
14007
14261
14259
11331
11585
13371
12007
14258
12351
12605
13879
14133
14130
14131
11203
11457
13243
14002
13497
5132
12477
13751
13874
15903
14003
11075
11329
13746
13115
13369
12095
12349
13618
13623
13877
13875
10947
13490
11201
12987
13241
11967
13362
12221
13495
11246
13747
13234
10819
11073
12859
13113
13106
11839
12093
13367
13621
12978
13619
10691
10945
12731
12985
11711
11965
13239
13493
13491
10563
10817
12603
12857
11583
11837
13111
13365
13363
12665
10689
12475
12729
12143
11709
12983
13237
13235
10307
10561
12347
12601
11327
12656
12855
13109
13107
10179
10433
12219
12473
11199
11453
12727
12981
12979
10051
10305
12091
12345
12905
11325
12599
12853
12851
9923
9794
10177
11963
12217
10943
11197
12471
12469
12725
10049
11835
12089
10815
11069
12343
12341
12597
12468
11707
11961
10687
10941
12215
12723
9793
11579
11833
10287
10813
12087
11451
7058
10431
10685
11959
12213
12467
9664
11323
11577
10303
10557
11831
12085
12339
11195
11449
10175
10429
11703
11957
12211
9535
11067
2461
10047
10301
11575
11829
12083
9407
10939
11193
9919
9790
10173
11447
11701
11955
9279
10811
11065
10045
11319
11573
11176
10683
10937
11191
1311
12683
13647
10555
10809
9789
11063
11317
11571
10427
10681
13773
9661
10841
11189
11603
9021
10299
10553
9533
10807
11061
12237
10171
10425
6701
9405
3865
10933
13007
8892
10043
10297
6573
10551
10805
11059
8764
9915
10169
6445
9276
10423
10677
10931
8636
10327
10041
6317
10295
10549
10803
8508
5015
9913
6189
9147
10167
13256
10675
8380
9531
9785
6061
10039
10293
10547
8252
9657
5933
5931
13126
9813
10165
10829
8124
9402
9273
5805
5803
8890
9783
10037
10291
10065
9528
5677
5675
8762
9909
10163
7868
5549
8634
9654
10035
9272
5421
8506
9780
7739
4489
9398
5293
8378
9906
4617
4361
7611
9016
9270
5165
4233
8250
9524
7483
8888
9142
5037
8122
9396
9650
8915
8760
9014
4909
7994
9268
9522
9776
7227
8632
8886
11209
9140
9394
9648
7099
8504
8758
4653
7865
11207
9266
9520
9164
8376
8630
4525
7737
8884
8318
9392
8248
8502
7609
8756
9010
9264
6842
8120
8779
4396
7481
8628
8016
9136
8246
7353
8500
8754
9008
9675
6584
7991
4267
7225
8372
8626
8880
6583
7863
8117
8490
7097
8498
8752
6582
7735
7989
4011
8243
8624
6581
7607
7861
3883
6968
6839
8115
8369
6580
7479
7733
3755
6838
7987
8958
8241
8493
6579
7351
7605
3627
8488
7859
8113
8367
8365
6578
7223
7094
7477
6836
7731
7985
8239
8237
6577
7093
7349
8741
6835
7603
7857
8111
8109
6576
6703
7092
6834
10679
15333
6270
862
968
2653
5283
852
859
5768
10389
13203
10744
3563
2539
6259
9186
9950
10080
9060
1390
14279
13454
3435
9695
15809
14661
12207
2541
9958
10717
9952
2411
1773
1392
5108
9322
11101
7022
3317
3696
3569
11491
11105
4082
4847
5193
3776
5359
4721
4593
4214
10345
15566
5758
6000
8804
9058
9184
1514
8420
8168
8546
8801
8674
10587
8290
1516
8680
4203
10076
872
3185
4845
8298
10330
6383
9448
614
5106
503
1013
995
7069
7422
8851
6910
987
981
8171
10203
883
5100
8300
1889
10892
11482
3733
3734
3606
9234
733
8056
841
7152
2397
8850
3288
4438
10534
9479
10115
11445
10915
732
6279
9106
1226
51
11486
997
7405
6788
8467
2140
10462
12131
8722
1015
488
5769
13749
5035
10131
2987
2985
10893
11537
11535
12967
12965
6571
9757
10003
3645
10765
11409
11407
1702
12839
5051
6443
12181
9875
4155
11281
11279
14765
12711
12709
6315
4795
9747
1189
11153
11151
12583
4667
6187
9619
11025
11023
14893
12455
12453
6059
5553
10637
2731
2744
10895
15021
12327
12325
10509
6311
5779
10769
10767
15149
2367
12197
12200
4280
10381
5907
10641
10639
15277
12071
12069
4265
10253
2474
10513
10511
15405
11943
11941
5801
4137
10125
10385
10383
15533
11815
11813
5673
4009
4007
9997
2345
6035
6162
10257
10255
13725
11687
11685
5545
3881
3879
9869
6290
10129
10127
15789
11559
11557
5417
3753
9741
2216
6418
10001
9999
15917
11431
11429
5289
3625
9613
16045
11303
2729
13845
9873
9871
3497
9358
1851
9491
9362
676
547
11175
1573
5161
3507
9745
9743
3369
1060
5033
2600
1465
12286
9615
3241
3113
12414
1958
3123
1977
4905
1444
2995
9361
9359
3248
3119
2102
4777
546
931
802
2357
9233
9231
2984
14868
2229
10145
29
156
2803
2355
1957
1590
2342
2213
1972
4648
437
288
821
8975
2855
1586
13181
287
801
1186
1057
8849
8847
1828
14359
14869
13436
286
284
8721
8719
2726
14487
2212
14997
4391
672
543
283
8593
1834
13432
14615
4263
1056
282
8465
8463
2597
11551
558
2083
3878
2066
541
557
8335
2467
1570
13556
11167
3623
13985
927
798
280
8207
14999
1954
15124
4006
3495
539
797
279
8079
1441
1312
15127
3367
538
796
14064
7951
2466
1825
15251
2327
3239
537
795
14334
7823
2338
2459
536
794
14718
7695
12446
15255
1696
1567
15378
3621
14187
14844
793
13601
7567
2209
3493
14091
13964
14459
1833
7439
1182
1053
15382
15505
14321
3365
2981
13578
791
1577
7311
2080
1052
15381
1566
15760
15998
11683
15997
7183
16127
15888
2197
2852
2723
16255
14446
16254
2860
7055
16383
